Cube data generated by ORCA
Molecular orbital 131 of operator 0
  -79  -24.453670  -24.511572   87.966523
   40    0.687781    0.000000    0.000000
   40    0.000000    0.904392    0.000000
   40    0.000000    0.000000    0.924506
    6    6.000000  -11.930884   -3.646257  106.478776
    6    6.000000  -12.979939   -6.045547  108.008810
    6    6.000000   -9.516291   -4.463896  104.958253
    6    6.000000   -8.441991   -2.683434  102.838514
    6    6.000000  -10.680604   -1.856541  101.122259
    6    6.000000  -13.901685   -2.717978  104.519956
    6    6.000000  -10.846644   -7.285555  109.516122
    6    6.000000  -11.417234   -9.039259  111.725520
    6    6.000000  -13.694802   -8.234582  113.399129
    6    6.000000  -12.841185   -0.768164  102.687604
    6    6.000000  -15.125360   -5.271514  109.864936
    6    6.000000   -9.924905   -0.119959   98.846770
    6    6.000000  -15.882090   -7.360399  111.698571
    6    6.000000   -6.568459   -4.277956  101.208055
    6    6.000000  -11.303203   -1.490122  108.337968
    6    6.000000   -7.492612   -5.454653  106.766355
    6    6.000000  -14.060533   -8.085752  106.204615
    6    6.000000  -11.655519  -11.840970  110.963833
    6    6.000000   -8.394076   -6.962547  108.908956
    6    6.000000   -6.976471   -0.371431  103.850636
    6    6.000000  -14.577119  -10.525790  115.005389
    6    6.000000  -11.253896  -13.565002  113.281066
    6    6.000000   -6.501967   -3.526012   98.387353
    6    6.000000   -7.246687   -0.804780   97.939228
    6    6.000000  -12.402469  -12.297462  115.690688
    6    6.000000  -12.841819   -6.086723  115.159552
    6    6.000000  -10.074723    2.730654   99.377431
    6    6.000000  -11.692728   -0.704288   96.588980
    6    6.000000  -12.489392  -16.156618  112.794198
    6    6.000000   -8.400210  -13.944175  113.698151
    8    8.000000   -5.230667   -5.129136  106.447213
    8    8.000000   -5.894610    0.702723   96.869906
    8    8.000000  -16.050116   -1.730652  105.795017
    8    8.000000   -6.768098  -13.175058  112.320210
    8    8.000000   -7.769545  -15.242162  115.811934
    1    1.000000  -17.095538   -0.888171  104.558884
    1    1.000000   -9.269532  -15.717739  116.743688
    1    1.000000  -10.093851   -6.175045  103.912737
    1    1.000000  -11.409701   -3.625205  100.281852
    1    1.000000  -14.470853   -4.364022  103.365976
    1    1.000000   -9.709505   -8.952210  112.907871
    1    1.000000  -14.393944   -0.174351  101.424444
    1    1.000000  -12.250263    0.929307  103.729178
    1    1.000000  -16.761079   -4.655487  108.755544
    1    1.000000  -14.536965   -3.615308  110.962491
    1    1.000000  -17.453670   -6.693591  112.896985
    1    1.000000  -16.630051   -9.000602  110.652711
    1    1.000000   -7.063081   -6.295054  101.333378
    1    1.000000   -4.675572   -4.115865  102.030998
    1    1.000000  -10.249625  -12.315256  109.515372
    1    1.000000  -13.536131  -12.219772  110.164527
    1    1.000000   -6.902263   -7.868369  110.016277
    1    1.000000  -15.517134   -9.839209  116.732326
    1    1.000000  -16.020811  -11.606154  113.961380
    1    1.000000   -4.630220   -3.848427   97.550133
    1    1.000000   -7.870114   -4.691880   97.329074
    1    1.000000  -13.064859  -13.760149  117.022243
    1    1.000000  -10.940623  -11.211721  116.701797
    1    1.000000  -12.116280  -17.511572  114.331279
    1    1.000000  -11.785201  -16.993076  111.023930
    1    1.000000  -14.553356  -15.943485  112.631976
    1    1.000000  -12.703103   -8.635798  104.732846
    1    1.000000  -14.541337   -9.812690  107.241710
    1    1.000000  -15.804654   -7.420475  105.292570
    1    1.000000   -5.652457   -0.955168  105.331498
    1    1.000000   -5.849171    0.493609  102.333291
    1    1.000000   -8.207532    1.114949  104.608160
    1    1.000000  -11.948160   -4.535137  114.103084
    1    1.000000  -11.437873   -6.770751  116.537446
    1    1.000000  -14.453272   -5.301658  116.220075
    1    1.000000  -13.034358   -0.591505  109.035154
    1    1.000000  -10.163293   -0.018455  107.438968
    1    1.000000  -10.215422   -2.193745  109.960124
    1    1.000000   -8.996064    3.280462  101.060175
    1    1.000000   -9.272505    3.759731   97.763107
    1    1.000000  -12.043594    3.343771   99.635850
    1    1.000000  -11.543806   -2.688237   95.978536
    1    1.000000  -11.232740    0.512158   94.966523
    1    1.000000  -13.675471   -0.350972   97.117584
    1  131
   0.00000E+00   0.00000E+00   0.00000E+00   0.00000E+00   0.00000E+00   0.00000E+00
   0.00000E+00   0.00000E+00   0.00000E+00   0.00000E+00   0.00000E+00   0.00000E+00
   0.00000E+00   0.00000E+00   0.00000E+00   0.00000E+00   0.00000E+00   0.00000E+00
   0.00000E+00   0.00000E+00   0.00000E+00   0.00000E+00   0.00000E+00   0.00000E+00
   0.00000E+00  -7.51110E-14  -9.60504E-14  -9.97150E-14  -8.40402E-14   0.00000E+00
   0.00000E+00   0.00000E+00   0.00000E+00   0.00000E+00   0.00000E+00   0.00000E+00
   0.00000E+00   0.00000E+00   0.00000E+00   0.00000E+00
   0.00000E+00   0.00000E+00   0.00000E+00   0.00000E+00   0.00000E+00   0.00000E+00
   0.00000E+00   0.00000E+00   0.00000E+00   0.00000E+00   0.00000E+00   0.00000E+00
   0.00000E+00   0.00000E+00   0.00000E+00   0.00000E+00   0.00000E+00   0.00000E+00
   0.00000E+00   0.00000E+00   0.00000E+00   0.00000E+00   0.00000E+00  -1.47227E-13
  -2.85661E-13  -4.49968E-13  -5.75409E-13  -5.97363E-13  -5.03460E-13  -3.44474E-13
  -1.91344E-13  -8.62856E-14   0.00000E+00   0.00000E+00   0.00000E+00   0.00000E+00
   0.00000E+00   0.00000E+00   0.00000E+00   0.00000E+00
   0.00000E+00   0.00000E+00   0.00000E+00   0.00000E+00   0.00000E+00   0.00000E+00
   0.00000E+00   0.00000E+00   0.00000E+00   0.00000E+00   0.00000E+00   0.00000E+00
   0.00000E+00   0.00000E+00   0.00000E+00   0.00000E+00   0.00000E+00   0.00000E+00
   0.00000E+00   0.00000E+00   0.00000E+00  -1.02682E-13  -3.02292E-13  -7.22480E-13
  -1.40181E-12  -2.20811E-12  -2.82369E-12  -2.93142E-12  -2.47061E-12  -1.69043E-12
  -9.38976E-13  -4.23426E-13  -1.55012E-13   0.00000E+00   0.00000E+00   0.00000E+00
   0.00000E+00   0.00000E+00   0.00000E+00   0.00000E+00
   0.00000E+00   0.00000E+00   0.00000E+00   0.00000E+00   0.00000E+00   0.00000E+00
   0.00000E+00   0.00000E+00   0.00000E+00   0.00000E+00   0.00000E+00   0.00000E+00
   0.00000E+00   0.00000E+00   0.00000E+00   0.00000E+00   0.00000E+00   0.00000E+00
   0.00000E+00   0.00000E+00  -1.13822E-13  -4.12758E-13  -1.21515E-12  -2.90421E-12
  -5.63498E-12  -8.87610E-12  -1.13506E-11  -1.12767E-11  -9.30459E-12  -6.16612E-12
  -3.26193E-12  -1.70208E-12  -6.23115E-13  -1.85192E-13   0.00000E+00   0.00000E+00
   0.00000E+00   0.00000E+00   0.00000E+00   0.00000E+00
   0.00000E+00   0.00000E+00   0.00000E+00   0.00000E+00   0.00000E+00   0.00000E+00
   0.00000E+00   0.00000E+00   0.00000E+00   0.00000E+00   0.00000E+00   0.00000E+00
   0.00000E+00   0.00000E+00   0.00000E+00   0.00000E+00   0.00000E+00   0.00000E+00
   0.00000E+00  -8.39051E-14  -3.74792E-13  -1.35912E-12  -4.00122E-12  -9.56293E-12
  -1.90797E-11  -3.03431E-11  -3.85254E-11  -4.03182E-11  -3.43104E-11  -2.37432E-11
  -1.33586E-11  -6.10740E-12  -2.69049E-12  -6.09798E-13  -1.47132E-13   0.00000E+00
   0.00000E+00   0.00000E+00   0.00000E+00   0.00000E+00
   0.00000E+00   0.00000E+00   0.00000E+00   0.00000E+00   0.00000E+00   0.00000E+00
   0.00000E+00   0.00000E+00   0.00000E+00   0.00000E+00   0.00000E+00   0.00000E+00
   0.00000E+00   0.00000E+00   0.00000E+00   0.00000E+00   0.00000E+00   0.00000E+00
   0.00000E+00  -2.26315E-13  -1.01092E-12  -3.66593E-12  -1.12288E-11  -2.72798E-11
  -5.38390E-11  -8.63999E-11  -1.13503E-10  -1.22015E-10  -1.07480E-10  -7.75751E-11
  -4.58137E-11  -2.22667E-11  -8.79545E-12  -3.11260E-12  -9.82554E-13  -7.77351E-14
   0.00000E+00   0.00000E+00   0.00000E+00   0.00000E+00
   0.00000E+00   0.00000E+00   0.00000E+00   0.00000E+00   0.00000E+00   0.00000E+00
   0.00000E+00   0.00000E+00   0.00000E+00   0.00000E+00   0.00000E+00   0.00000E+00
   0.00000E+00   0.00000E+00   0.00000E+00   0.00000E+00   0.00000E+00   0.00000E+00
  -9.08791E-14  -5.00036E-13  -2.23359E-12  -8.67969E-12  -2.57774E-11  -6.43037E-11
  -1.30918E-10  -2.18156E-10  -2.98879E-10  -3.38028E-10  -3.15948E-10  -2.44695E-10
  -1.57340E-10  -8.38481E-11  -3.72118E-11  -1.36945E-11  -4.35906E-12  -6.57171E-13
   0.00000E+00   0.00000E+00   0.00000E+00   0.00000E+00
   0.00000E+00   0.00000E+00   0.00000E+00   0.00000E+00   0.00000E+00   0.00000E+00
   0.00000E+00   0.00000E+00   0.00000E+00   0.00000E+00   0.00000E+00   0.00000E+00
   0.00000E+00   0.00000E+00   0.00000E+00   0.00000E+00   0.00000E+00   0.00000E+00
  -1.64480E-13  -3.53012E-13  -3.15894E-12  -1.51364E-11  -5.13628E-11  -1.37086E-10
  -2.95472E-10  -5.23157E-10  -7.66397E-10  -9.27731E-10  -9.33299E-10  -7.79570E-10
  -5.40470E-10  -3.11231E-10  -1.51167E-10  -6.12348E-11  -2.13431E-11  -6.34939E-12
  -1.60702E-12   0.00000E+00   0.00000E+00   0.00000E+00
   0.00000E+00   0.00000E+00   0.00000E+00   0.00000E+00   0.00000E+00   0.00000E+00
   0.00000E+00   0.00000E+00   0.00000E+00   0.00000E+00   0.00000E+00   0.00000E+00
   0.00000E+00   0.00000E+00   0.00000E+00   0.00000E+00   0.00000E+00   8.50201E-13
   5.90170E-13   1.71095E-12  -2.03736E-12  -2.17121E-11  -9.28783E-11  -2.79288E-10
  -6.59857E-10  -1.26605E-09  -1.99635E-09  -2.59425E-09  -2.78149E-09  -2.46183E-09
  -1.80231E-09  -1.09568E-09  -5.58574E-10  -2.42489E-10  -9.31713E-11  -3.10709E-11
  -9.17725E-12  -2.43431E-12   0.00000E+00   0.00000E+00
   0.00000E+00   0.00000E+00   0.00000E+00   0.00000E+00   0.00000E+00   0.00000E+00
   0.00000E+00   0.00000E+00   0.00000E+00   0.00000E+00   0.00000E+00   0.00000E+00
   0.00000E+00   0.00000E+00   0.00000E+00  -1.43600E-12  -2.24865E-12  -2.00268E-12
   1.22680E-12   6.76614E-12   8.83965E-12  -1.98811E-11  -1.56702E-10  -5.67000E-10
  -1.48518E-09  -3.07353E-09  -5.13865E-09  -7.01288E-09  -7.83007E-09  -7.18261E-09
  -5.44170E-09  -3.43627E-09  -1.83492E-09  -8.41352E-10  -3.42584E-10  -1.24734E-10
  -4.09873E-11  -1.15957E-11  -2.54300E-12   0.00000E+00
   0.00000E+00   0.00000E+00   0.00000E+00   0.00000E+00   0.00000E+00   0.00000E+00
   0.00000E+00   0.00000E+00   0.00000E+00   0.00000E+00   0.00000E+00   0.00000E+00
   0.00000E+00  -1.77450E-12  -4.74996E-12  -1.07752E-11  -1.88279E-11  -2.36020E-11
  -1.68588E-11   7.89327E-12   3.99155E-11   2.21685E-11  -2.21576E-10  -1.08617E-09
  -3.18333E-09  -6.99238E-09  -1.21462E-08  -1.70242E-08  -1.94363E-08  -1.82097E-08
  -1.41306E-08  -9.20852E-09  -5.13891E-09  -2.51247E-09  -1.08863E-09  -4.25075E-10
  -1.46439E-10  -4.38209E-11  -1.09448E-11  -2.27815E-12
   0.00000E+00   0.00000E+00   0.00000E+00   0.00000E+00   0.00000E+00   0.00000E+00
   0.00000E+00   0.00000E+00   0.00000E+00   0.00000E+00   0.00000E+00   0.00000E+00
  -2.58010E-12  -9.10804E-12  -2.65520E-11  -6.19151E-11  -1.14352E-10  -1.59902E-10
  -1.62014E-10  -8.57521E-11   6.15374E-11   1.56366E-10  -1.78614E-10  -1.79534E-09
  -6.03395E-09  -1.39742E-08  -2.49353E-08  -3.55338E-08  -4.11280E-08  -3.91380E-08
  -3.10486E-08  -2.09172E-08  -1.22433E-08  -6.35870E-09  -2.95710E-09  -1.21508E-09
  -4.37076E-10  -1.34681E-10  -3.42594E-11  -7.13592E-12
   0.00000E+00   0.00000E+00   0.00000E+00   0.00000E+00   0.00000E+00   0.00000E+00
   0.00000E+00   0.00000E+00   0.00000E+00   0.00000E+00   0.00000E+00  -2.49474E-12
  -1.12869E-11  -4.05050E-11  -1.19213E-10  -2.80547E-10  -5.31027E-10  -7.96056E-10
  -9.15286E-10  -7.35480E-10  -2.36867E-10   3.13931E-10   1.49833E-10  -2.38367E-09
  -9.80207E-09  -2.40750E-08  -4.39147E-08  -6.32247E-08  -7.38026E-08  -7.11505E-08
  -5.77466E-08  -4.03646E-08  -2.48759E-08  -1.37205E-08  -6.76037E-09  -2.92385E-09
  -1.08097E-09  -3.37106E-10  -8.74134E-11  -1.83097E-11
   0.00000E+00   0.00000E+00   0.00000E+00   0.00000E+00   0.00000E+00   0.00000E+00
   0.00000E+00   0.00000E+00   0.00000E+00   0.00000E+00  -1.60414E-12  -8.93973E-12
  -4.00930E-11  -1.46544E-10  -4.31609E-10  -1.02930E-09  -1.98261E-09  -3.06225E-09
  -3.73184E-09  -3.45256E-09  -2.10971E-09  -2.99593E-10   3.95063E-10  -3.02217E-09
  -1.47234E-08  -3.75868E-08  -6.89680E-08  -9.89651E-08  -1.15257E-07  -1.11741E-07
  -9.24430E-08  -6.69710E-08  -4.33797E-08  -2.52600E-08  -1.30533E-08  -5.84700E-09
  -2.21171E-09  -6.99403E-10  -1.82628E-10  -3.89056E-11
   0.00000E+00   0.00000E+00   0.00000E+00   0.00000E+00   0.00000E+00   0.00000E+00
   0.00000E+00   0.00000E+00   0.00000E+00   0.00000E+00  -4.70872E-12  -2.62413E-11
  -1.18112E-10  -4.26859E-10  -1.27146E-09  -3.06211E-09  -5.96827E-09  -9.37670E-09
  -1.18262E-08  -1.18133E-08  -8.97743E-09  -4.71794E-09  -2.34360E-09  -7.22165E-09
  -2.58072E-08  -6.12425E-08  -1.07413E-07  -1.48471E-07  -1.67859E-07  -1.59917E-07
  -1.32295E-07  -9.77639E-08  -6.55835E-08  -3.97193E-08  -2.12247E-08  -9.73680E-09
  -3.74999E-09  -1.19302E-09  -3.12860E-10  -6.67486E-11
   0.00000E+00   0.00000E+00   0.00000E+00   0.00000E+00   0.00000E+00   0.00000E+00
   0.00000E+00   0.00000E+00   0.00000E+00  -1.64933E-12  -1.13221E-11  -6.01121E-11
  -2.75855E-10  -1.01986E-09  -3.06018E-09  -7.42260E-09  -1.45804E-08  -2.32370E-08
  -3.01180E-08  -3.18413E-08  -2.76549E-08  -2.06024E-08  -1.72162E-08  -2.70335E-08
  -5.98549E-08  -1.17615E-07  -1.85980E-07  -2.37967E-07  -2.51836E-07  -2.26801E-07
  -1.80022E-07  -1.30309E-07  -8.73877E-08  -5.35557E-08  -2.90376E-08  -1.34793E-08
  -5.23341E-09  -1.67386E-09  -4.40230E-10  -9.39124E-11
   0.00000E+00   0.00000E+00   0.00000E+00   0.00000E+00   0.00000E+00   0.00000E+00
   0.00000E+00   0.00000E+00   0.00000E+00  -3.24858E-12  -1.91035E-11  -1.12740E-10
  -5.30470E-10  -1.98646E-09  -6.00005E-09  -1.46667E-08  -2.90882E-08  -4.70878E-08
  -6.28218E-08  -7.03501E-08  -6.85098E-08  -6.26419E-08  -6.36589E-08  -8.71269E-08
  -1.47979E-07  -2.45402E-07  -3.49599E-07  -4.13091E-07  -4.05605E-07  -3.37668E-07
  -2.46970E-07  -1.65828E-07  -1.05253E-07  -6.25975E-08  -3.35401E-08  -1.55254E-08
  -6.03031E-09  -1.93122E-09  -5.08184E-10  -1.07950E-10
   0.00000E+00   0.00000E+00   0.00000E+00   0.00000E+00   0.00000E+00   0.00000E+00
   0.00000E+00   0.00000E+00   0.00000E+00  -2.96460E-12  -2.58579E-11  -1.69236E-10
  -8.19138E-10  -3.13732E-09  -9.61594E-09  -2.37757E-08  -4.77871E-08  -7.90081E-08
  -1.09530E-07  -1.31593E-07  -1.43970E-07  -1.53133E-07  -1.72075E-07  -2.21635E-07
  -3.23944E-07  -4.76455E-07  -6.28511E-07  -7.02178E-07  -6.53402E-07  -5.09840E-07
  -3.42399E-07  -2.06950E-07  -1.18119E-07  -6.47535E-08  -3.30673E-08  -1.49560E-08
  -5.75197E-09  -1.83545E-09  -4.81914E-10  -1.02155E-10
   0.00000E+00   0.00000E+00   0.00000E+00   0.00000E+00   0.00000E+00   0.00000E+00
   0.00000E+00   0.00000E+00   0.00000E+00  -1.02211E-12  -2.75115E-11  -1.99592E-10
  -1.03821E-09  -4.11094E-09  -1.28697E-08  -3.23025E-08  -6.61004E-08  -1.12522E-07
  -1.64418E-07  -2.15522E-07  -2.65375E-07  -3.16629E-07  -3.74767E-07  -4.58490E-07
  -5.98095E-07  -7.96435E-07  -9.87048E-07  -1.06029E-06  -9.54879E-07  -7.16002E-07
  -4.52610E-07  -2.49228E-07  -1.25821E-07  -6.09840E-08  -2.84315E-08  -1.22031E-08
  -4.57036E-09  -1.44289E-09  -3.76678E-10  -7.98067E-11
   0.00000E+00   0.00000E+00   0.00000E+00   0.00000E+00   0.00000E+00   0.00000E+00
   0.00000E+00   5.52812E-12   1.05180E-11   1.23614E-11  -1.54143E-11  -2.18693E-10
  -1.23843E-09  -5.04655E-09  -1.59120E-08  -4.01335E-08  -8.29980E-08  -1.45249E-07
  -2.24504E-07  -3.21235E-07  -4.37168E-07  -5.63249E-07  -6.81006E-07  -7.92066E-07
  -9.32889E-07  -1.12544E-06  -1.30847E-06  -1.35652E-06  -1.19405E-06  -8.74919E-07
  -5.33834E-07  -2.76196E-07  -1.25983E-07  -5.35056E-08  -2.19874E-08  -8.63674E-09
  -3.07884E-09  -9.48168E-10  -2.44502E-10  -5.17131E-11
   0.00000E+00   0.00000E+00   0.00000E+00   0.00000E+00   0.00000E+00   4.58967E-12
   1.14811E-11   2.33157E-11   3.98737E-11   4.13791E-11  -1.90860E-11  -4.04003E-10
  -2.12664E-09  -8.01725E-09  -2.37979E-08  -5.72416E-08  -1.14311E-07  -1.96751E-07
  -3.07258E-07  -4.56272E-07  -6.50468E-07  -8.64972E-07  -1.04427E-06  -1.15728E-06
  -1.24094E-06  -1.34928E-06  -1.45550E-06  -1.44795E-06  -1.24700E-06  -8.99540E-07
  -5.38074E-07  -2.68640E-07  -1.14670E-07  -4.37628E-08  -1.57546E-08  -5.49439E-09
  -1.80954E-09  -5.33810E-10  -1.34023E-10  -2.80425E-11
   0.00000E+00   0.00000E+00   0.00000E+00   0.00000E+00   5.14611E-12   1.58567E-11
   3.96656E-11   8.05526E-11   1.23582E-10   1.22907E-10  -1.00004E-10  -1.23293E-09
  -5.52385E-09  -1.86150E-08  -5.04085E-08  -1.11705E-07  -2.05885E-07  -3.26162E-07
  -4.69110E-07  -6.50557E-07  -8.88034E-07  -1.15200E-06  -1.35654E-06  -1.43472E-06
  -1.41537E-06  -1.38405E-06  -1.36535E-06  -1.28747E-06  -1.07944E-06  -7.67530E-07
  -4.53501E-07  -2.22168E-07  -9.14206E-08  -3.25854E-08  -1.05648E-08  -3.26734E-09
  -9.72143E-10  -2.67574E-10  -6.46806E-11  -1.28955E-11
   0.00000E+00   0.00000E+00   0.00000E+00   0.00000E+00   1.45637E-11   4.48753E-11
   1.12256E-10   2.19354E-10   3.39933E-10   3.19717E-10  -3.45467E-10  -3.42763E-09
  -1.43064E-08  -4.55113E-08  -1.17327E-07  -2.47287E-07  -4.29696E-07  -6.27845E-07
  -8.04143E-07  -9.64368E-07  -1.14809E-06  -1.35465E-06  -1.50387E-06  -1.50992E-06
  -1.38432E-06  -1.22268E-06  -1.08944E-06  -9.57966E-07  -7.74245E-07  -5.41012E-07
  -3.16536E-07  -1.53536E-07  -6.20920E-08  -2.13840E-08  -6.52255E-09  -1.84862E-09
  -5.01833E-10  -1.27947E-10  -2.93226E-11  -5.55268E-12
   0.00000E+00   0.00000E+00   0.00000E+00   8.89528E-12   3.37621E-11   1.04031E-10
   2.58820E-10   5.10148E-10   7.84100E-10   7.28710E-10  -7.89849E-10  -7.56838E-09
  -3.07427E-08  -9.55556E-08  -2.41191E-07  -4.97574E-07  -8.41201E-07  -1.17570E-06
  -1.39000E-06  -1.45752E-06  -1.45533E-06  -1.46004E-06  -1.45162E-06  -1.35579E-06
  -1.15895E-06  -9.32409E-07  -7.45851E-07  -6.01034E-07  -4.61714E-07  -3.14942E-07
  -1.82307E-07  -8.79268E-08  -3.53517E-08  -1.20454E-08  -3.59514E-09  -9.80834E-10
  -2.52733E-10  -6.11643E-11  -1.33764E-11  -2.40572E-12
   0.00000E+00   0.00000E+00   0.00000E+00   1.68919E-11   6.41131E-11   1.97552E-10
   4.88333E-10   9.70561E-10   1.48889E-09   1.39822E-09  -1.33560E-09  -1.32870E-08
  -5.34443E-08  -1.64238E-07  -4.10480E-07  -8.38933E-07  -1.40169E-06  -1.91968E-06
  -2.17767E-06  -2.09968E-06  -1.81236E-06  -1.50734E-06  -1.26786E-06  -1.05685E-06
  -8.32265E-07  -6.13500E-07  -4.40924E-07  -3.20893E-07  -2.30285E-07  -1.51754E-07
  -8.65855E-08  -4.15800E-08  -1.67356E-08  -5.73051E-09  -1.71854E-09  -4.71064E-10
  -1.21031E-10  -2.89120E-11  -6.19438E-12  -8.24326E-13
   0.00000E+00   0.00000E+00   5.62023E-12   2.62759E-11   9.97302E-11   3.07299E-10
   7.60361E-10   1.51126E-09   2.31926E-09   2.21574E-09  -1.74811E-09  -1.88321E-08
  -7.54253E-08  -2.30102E-07  -5.71727E-07  -1.16278E-06  -1.93212E-06  -2.62225E-06
  -2.91798E-06  -2.69474E-06  -2.12554E-06  -1.51442E-06  -1.05066E-06  -7.41205E-07
  -5.19633E-07  -3.48722E-07  -2.25868E-07  -1.47127E-07  -9.68375E-08  -6.07825E-08
  -3.39613E-08  -1.62258E-08  -6.56617E-09  -2.28184E-09  -7.01703E-10  -1.98523E-10
  -5.24800E-11  -1.27469E-11  -2.25163E-12  -4.30247E-13
   0.00000E+00   0.00000E+00   7.16137E-12   3.34811E-11   1.27078E-10   3.91565E-10
   9.70413E-10   1.92653E-09   2.95804E-09   2.87961E-09  -1.80387E-09  -2.17298E-08
  -8.68494E-08  -2.63345E-07  -6.51272E-07  -1.32020E-06  -2.18721E-06  -2.95586E-06
  -3.26070E-06  -2.95078E-06  -2.22105E-06  -1.43547E-06  -8.45948E-07  -4.90592E-07
  -2.91192E-07  -1.73035E-07  -1.00582E-07  -5.83822E-08  -3.46633E-08  -2.03649E-08
  -1.10334E-08  -5.23153E-09  -2.13626E-09  -7.59104E-10  -2.42250E-10  -7.18174E-11
  -1.93830E-11  -4.81307E-12  -9.62673E-13   0.00000E+00
   0.00000E+00   0.00000E+00   7.47480E-12   3.49465E-11   1.32639E-10   4.08703E-10
   1.01251E-09   2.01210E-09   3.09214E-09   3.05931E-09  -1.47277E-09  -2.05122E-08
  -8.18516E-08  -2.46683E-07  -6.07319E-07  -1.22762E-06  -2.02974E-06  -2.73696E-06
  -3.00713E-06  -2.69634E-06  -1.98500E-06  -1.21861E-06  -6.46130E-07  -3.15604E-07
  -1.53447E-07  -7.70586E-08  -3.93025E-08  -2.01937E-08  -1.06716E-08  -5.75585E-09
  -2.98316E-09  -1.39679E-09  -5.75762E-10  -2.09399E-10  -7.01713E-11  -2.18862E-11
  -6.29985E-12  -1.43241E-12   0.00000E+00   0.00000E+00
   0.00000E+00   0.00000E+00   6.39095E-12   2.98792E-11   1.13407E-10   3.49441E-10
   8.65360E-10   1.71962E-09   2.64664E-09   2.65594E-09  -9.50079E-10  -1.58795E-08
  -6.32547E-08  -1.89374E-07  -4.63925E-07  -9.35140E-07  -1.54348E-06  -2.07835E-06
  -2.27897E-06  -2.03495E-06  -1.48305E-06  -8.88335E-07  -4.45064E-07  -1.93864E-07
  -7.86571E-08  -3.21993E-08  -1.38075E-08  -6.15346E-09  -2.85578E-09  -1.38663E-09
  -6.75667E-10  -3.10971E-10  -1.29334E-10  -4.85550E-11  -1.71940E-11  -5.66809E-12
  -1.41736E-12  -4.10934E-13   0.00000E+00   0.00000E+00
   0.00000E+00   0.00000E+00   4.47604E-12   2.09265E-11   7.94267E-11   2.44738E-10
   6.05828E-10   1.20373E-09   1.85383E-09   1.88411E-09  -4.78194E-10  -1.00995E-08
  -4.01212E-08  -1.19206E-07  -2.90483E-07  -5.83652E-07  -9.61670E-07  -1.29350E-06
  -1.41680E-06  -1.26261E-06  -9.16016E-07  -5.42596E-07  -2.64517E-07  -1.08217E-07
  -3.87682E-08  -1.31080E-08  -4.54946E-09  -1.68927E-09  -6.73006E-10  -2.88086E-10
  -1.29927E-10  -5.77498E-11  -2.34692E-11  -9.42819E-12  -3.53288E-12  -9.32663E-13
   0.00000E+00   0.00000E+00   0.00000E+00   0.00000E+00
   0.00000E+00   0.00000E+00   0.00000E+00   1.20057E-11   4.55676E-11   1.40408E-10
   3.47422E-10   6.90150E-10   1.06499E-09   1.09285E-09  -1.78944E-10  -5.28179E-09
  -2.08956E-08  -6.15627E-08  -1.49105E-07  -2.98547E-07  -4.90973E-07  -6.59678E-07
  -7.22003E-07  -6.42784E-07  -4.65373E-07  -2.74280E-07  -1.32047E-07  -5.23952E-08
  -1.75142E-08  -5.17086E-09  -1.46288E-09  -4.34792E-10  -1.44138E-10  -5.28287E-11
  -2.11742E-11  -7.88192E-12  -3.60396E-12  -1.53423E-12  -4.08127E-13   0.00000E+00
   0.00000E+00   0.00000E+00   0.00000E+00   0.00000E+00
   0.00000E+00   0.00000E+00   0.00000E+00   5.64207E-12   2.14145E-11   6.59846E-11
   1.65060E-10   3.25226E-10   5.01167E-10   5.19258E-10  -4.37532E-11  -2.26684E-09
  -8.94320E-09  -2.60880E-08  -6.27537E-08  -1.25156E-07  -2.05383E-07  -2.75644E-07
  -3.01477E-07  -2.68236E-07  -1.94014E-07  -1.14091E-07  -5.46194E-08  -2.13714E-08
  -6.90558E-09  -1.88799E-09  -4.60581E-10  -1.09895E-10  -2.84226E-11  -7.64415E-12
  -1.64666E-12  -7.38883E-13   0.00000E+00   0.00000E+00   0.00000E+00   0.00000E+00
   0.00000E+00   0.00000E+00   0.00000E+00   0.00000E+00
   0.00000E+00   0.00000E+00   0.00000E+00   0.00000E+00   8.24369E-12   2.54013E-11
   6.35414E-11   1.25046E-10   1.93633E-10   2.02838E-10  -1.44616E-12  -7.97274E-10
  -3.14030E-09  -9.07573E-09  -2.16641E-08  -4.30087E-08  -7.04028E-08  -9.43660E-08
  -1.03138E-07  -9.17223E-08  -6.63060E-08  -3.89530E-08  -1.86025E-08  -7.23281E-09
  -2.30020E-09  -6.04760E-10  -1.35211E-10  -2.72607E-11  -5.66769E-12   0.00000E+00
   0.00000E+00   0.00000E+00   0.00000E+00   0.00000E+00   0.00000E+00   0.00000E+00
   0.00000E+00   0.00000E+00   0.00000E+00   0.00000E+00
   0.00000E+00   0.00000E+00   0.00000E+00   0.00000E+00   0.00000E+00   8.01000E-12
   2.00370E-11   4.06910E-11   6.13847E-11   6.56358E-11   5.37584E-12  -2.28184E-10
  -9.03334E-10  -2.58844E-09  -6.13265E-09  -1.21134E-08  -1.97776E-08  -2.64700E-08
  -2.89072E-08  -2.56976E-08  -1.85717E-08  -1.09043E-08  -5.20006E-09  -2.01673E-09
  -6.36823E-10  -1.64454E-10  -3.53737E-11  -5.61368E-12   0.00000E+00   0.00000E+00
   0.00000E+00   0.00000E+00   0.00000E+00   0.00000E+00   0.00000E+00   0.00000E+00
   0.00000E+00   0.00000E+00   0.00000E+00   0.00000E+00
   0.00000E+00   0.00000E+00   0.00000E+00   0.00000E+00   0.00000E+00   0.00000E+00
   5.17571E-12   1.05108E-11   1.73288E-11   1.78684E-11   3.71463E-12  -5.21420E-11
  -2.11663E-10  -6.04283E-10  -1.42682E-09  -2.79847E-09  -4.55323E-09  -6.08478E-09
  -6.63904E-09  -5.89874E-09  -4.26128E-09  -2.49920E-09  -1.19168E-09  -4.61296E-10
  -1.44966E-10  -3.69846E-11  -7.66019E-12   0.00000E+00   0.00000E+00   0.00000E+00
   0.00000E+00   0.00000E+00   0.00000E+00   0.00000E+00   0.00000E+00   0.00000E+00
   0.00000E+00   0.00000E+00   0.00000E+00   0.00000E+00
   0.00000E+00   0.00000E+00   0.00000E+00   0.00000E+00   0.00000E+00   0.00000E+00
   0.00000E+00   0.00000E+00   0.00000E+00   4.90754E-12   1.99229E-13  -8.99978E-12
  -4.31547E-11  -1.16822E-10  -2.70816E-10  -5.29168E-10  -8.59632E-10  -1.14595E-09
  -1.24905E-09  -1.10921E-09  -7.99739E-10  -4.69720E-10  -2.23973E-10  -8.66997E-11
  -2.72462E-11  -6.95118E-12   0.00000E+00   0.00000E+00   0.00000E+00   0.00000E+00
   0.00000E+00   0.00000E+00   0.00000E+00   0.00000E+00   0.00000E+00   0.00000E+00
   0.00000E+00   0.00000E+00   0.00000E+00   0.00000E+00
   0.00000E+00   0.00000E+00   0.00000E+00   0.00000E+00   0.00000E+00   0.00000E+00
   0.00000E+00   0.00000E+00   0.00000E+00   0.00000E+00   0.00000E+00   0.00000E+00
  -4.78609E-12  -1.90640E-11  -4.28433E-11  -8.25001E-11  -1.32975E-10  -1.76846E-10
  -1.90969E-10  -1.70186E-10  -1.23126E-10  -7.23168E-11  -3.44822E-11  -1.33480E-11
  -4.19474E-12   0.00000E+00   0.00000E+00   0.00000E+00   0.00000E+00   0.00000E+00
   0.00000E+00   0.00000E+00   0.00000E+00   0.00000E+00   0.00000E+00   0.00000E+00
   0.00000E+00   0.00000E+00   0.00000E+00   0.00000E+00
   0.00000E+00   0.00000E+00   0.00000E+00   0.00000E+00   0.00000E+00   0.00000E+00
   0.00000E+00   0.00000E+00   0.00000E+00   0.00000E+00   0.00000E+00   0.00000E+00
   0.00000E+00  -1.87892E-12  -4.74833E-12  -9.74179E-12  -1.62256E-11  -2.19397E-11
  -2.40838E-11  -2.14627E-11  -1.55278E-11  -9.12012E-12  -4.34868E-12  -1.68337E-12
   0.00000E+00   0.00000E+00   0.00000E+00   0.00000E+00   0.00000E+00   0.00000E+00
   0.00000E+00   0.00000E+00   0.00000E+00   0.00000E+00   0.00000E+00   0.00000E+00
   0.00000E+00   0.00000E+00   0.00000E+00   0.00000E+00
   0.00000E+00   0.00000E+00   0.00000E+00   0.00000E+00   0.00000E+00   0.00000E+00
   0.00000E+00   0.00000E+00   0.00000E+00   0.00000E+00   0.00000E+00   0.00000E+00
   0.00000E+00   0.00000E+00   0.00000E+00   0.00000E+00  -1.67620E-12  -2.26649E-12
  -2.48799E-12  -2.21722E-12  -1.60411E-12   0.00000E+00   0.00000E+00   0.00000E+00
   0.00000E+00   0.00000E+00   0.00000E+00   0.00000E+00   0.00000E+00   0.00000E+00
   0.00000E+00   0.00000E+00   0.00000E+00   0.00000E+00   0.00000E+00   0.00000E+00
   0.00000E+00   0.00000E+00   0.00000E+00   0.00000E+00
   0.00000E+00   0.00000E+00   0.00000E+00   0.00000E+00   0.00000E+00   0.00000E+00
   0.00000E+00   0.00000E+00   0.00000E+00   0.00000E+00   0.00000E+00   0.00000E+00
   0.00000E+00   0.00000E+00   0.00000E+00   0.00000E+00   0.00000E+00   0.00000E+00
   0.00000E+00   0.00000E+00   0.00000E+00   0.00000E+00   0.00000E+00   0.00000E+00
   0.00000E+00   0.00000E+00   0.00000E+00   0.00000E+00   0.00000E+00   0.00000E+00
   0.00000E+00   0.00000E+00   0.00000E+00   0.00000E+00   0.00000E+00   0.00000E+00
   0.00000E+00   0.00000E+00   0.00000E+00   0.00000E+00
   0.00000E+00   0.00000E+00   0.00000E+00   0.00000E+00   0.00000E+00   0.00000E+00
   0.00000E+00   0.00000E+00   0.00000E+00   0.00000E+00   0.00000E+00   0.00000E+00
   0.00000E+00   0.00000E+00   0.00000E+00   0.00000E+00   0.00000E+00   0.00000E+00
   0.00000E+00   0.00000E+00   0.00000E+00   0.00000E+00   0.00000E+00  -1.22101E-13
  -2.36910E-13  -3.73176E-13  -4.77210E-13  -4.95416E-13  -4.17539E-13  -2.85686E-13
  -1.58689E-13   0.00000E+00   0.00000E+00   0.00000E+00   0.00000E+00   0.00000E+00
   0.00000E+00   0.00000E+00   0.00000E+00   0.00000E+00
   0.00000E+00   0.00000E+00   0.00000E+00   0.00000E+00   0.00000E+00   0.00000E+00
   0.00000E+00   0.00000E+00   0.00000E+00   0.00000E+00   0.00000E+00   0.00000E+00
   0.00000E+00   0.00000E+00   0.00000E+00   0.00000E+00   0.00000E+00   0.00000E+00
   0.00000E+00   0.00000E+00   0.00000E+00  -1.03959E-13  -3.06054E-13  -7.31470E-13
  -1.41926E-12  -2.23558E-12  -2.85882E-12  -2.96789E-12  -2.02688E-12  -1.23523E-12
  -9.50659E-13  -4.28695E-13  -1.56941E-13   0.00000E+00   0.00000E+00   0.00000E+00
   0.00000E+00   0.00000E+00   0.00000E+00   0.00000E+00
   0.00000E+00   0.00000E+00   0.00000E+00   0.00000E+00   0.00000E+00   0.00000E+00
   0.00000E+00   0.00000E+00   0.00000E+00   0.00000E+00   0.00000E+00   0.00000E+00
   0.00000E+00   0.00000E+00   0.00000E+00   0.00000E+00   0.00000E+00   0.00000E+00
   0.00000E+00   0.00000E+00  -1.40681E-13  -5.10157E-13  -1.50189E-12  -3.58952E-12
  -6.96467E-12  -1.05041E-11  -1.31539E-11  -1.32316E-11  -1.06273E-11  -6.74497E-12
  -3.31772E-12  -1.21240E-12  -2.91489E-13  -2.28892E-13   0.00000E+00   0.00000E+00
   0.00000E+00   0.00000E+00   0.00000E+00   0.00000E+00
   0.00000E+00   0.00000E+00   0.00000E+00   0.00000E+00   0.00000E+00   0.00000E+00
   0.00000E+00   0.00000E+00   0.00000E+00   0.00000E+00   0.00000E+00   0.00000E+00
   0.00000E+00   0.00000E+00   0.00000E+00   0.00000E+00   0.00000E+00   0.00000E+00
   0.00000E+00  -1.26600E-13  -5.65506E-13  -2.05071E-12  -6.03724E-12  -1.45396E-11
  -2.75714E-11  -4.34418E-11  -5.53929E-11  -5.65915E-11  -4.64871E-11  -3.03411E-11
  -1.58829E-11  -6.50706E-12  -1.73435E-12  -3.26518E-13  -2.22000E-13   0.00000E+00
   0.00000E+00   0.00000E+00   0.00000E+00   0.00000E+00
   0.00000E+00   0.00000E+00   0.00000E+00   0.00000E+00   0.00000E+00   0.00000E+00
   0.00000E+00   0.00000E+00   0.00000E+00   0.00000E+00   0.00000E+00   0.00000E+00
   0.00000E+00   0.00000E+00   0.00000E+00   0.00000E+00   0.00000E+00   0.00000E+00
  -7.57637E-14  -4.16868E-13  -1.86209E-12  -6.83731E-12  -2.00530E-11  -4.81092E-11
  -9.39777E-11  -1.48067E-10  -1.89360E-10  -1.96439E-10  -1.65141E-10  -1.11995E-10
  -6.11417E-11  -2.63464E-11  -8.89820E-12  -2.15832E-12   7.23769E-14  -1.43186E-13
   0.00000E+00   0.00000E+00   0.00000E+00   0.00000E+00
   0.00000E+00   0.00000E+00   0.00000E+00   0.00000E+00   0.00000E+00   0.00000E+00
   0.00000E+00   0.00000E+00   0.00000E+00   0.00000E+00   0.00000E+00   0.00000E+00
   0.00000E+00   0.00000E+00   0.00000E+00   0.00000E+00   0.00000E+00   0.00000E+00
  -2.04356E-13  -1.12441E-12  -5.09444E-12  -1.84303E-11  -5.50266E-11  -1.33297E-10
  -2.62112E-10  -4.19421E-10  -5.46845E-10  -5.81340E-10  -5.04791E-10  -3.57778E-10
  -2.07749E-10  -9.81597E-11  -3.71853E-11  -1.04085E-11  -1.94206E-12  -2.65230E-13
   3.09124E-13   0.00000E+00   0.00000E+00   0.00000E+00
   0.00000E+00   0.00000E+00   0.00000E+00   0.00000E+00   0.00000E+00   0.00000E+00
   0.00000E+00   0.00000E+00   0.00000E+00   0.00000E+00   0.00000E+00   0.00000E+00
   0.00000E+00   0.00000E+00   0.00000E+00   0.00000E+00   0.00000E+00   0.00000E+00
  -4.51517E-13  -2.11517E-12  -1.02423E-11  -4.03738E-11  -1.25549E-10  -3.11240E-10
  -6.27803E-10  -1.03337E-09  -1.39631E-09  -1.55316E-09  -1.42204E-09  -1.07813E-09
  -6.75572E-10  -3.50027E-10  -1.50773E-10  -5.26947E-11  -1.48075E-11  -3.56947E-12
  -5.10288E-13   3.84080E-13   0.00000E+00   0.00000E+00
   0.00000E+00   0.00000E+00   0.00000E+00   0.00000E+00   0.00000E+00   0.00000E+00
   0.00000E+00   0.00000E+00   0.00000E+00   0.00000E+00   0.00000E+00   0.00000E+00
   0.00000E+00   0.00000E+00   0.00000E+00   0.00000E+00   0.00000E+00   6.17814E-13
   1.21385E-12  -3.25547E-13  -1.48729E-11  -7.22065E-11  -2.42626E-10  -6.38817E-10
  -1.35808E-09  -2.36551E-09  -3.39935E-09  -4.04208E-09  -3.98645E-09  -3.26399E-09
  -2.22131E-09  -1.25636E-09  -5.92156E-10  -2.33398E-10  -7.92388E-11  -2.25405E-11
  -5.63724E-12  -1.15458E-12   3.17350E-13   0.00000E+00
   0.00000E+00   0.00000E+00   0.00000E+00   0.00000E+00   0.00000E+00   0.00000E+00
   0.00000E+00   0.00000E+00   0.00000E+00   0.00000E+00   0.00000E+00   0.00000E+00
   0.00000E+00   0.00000E+00   0.00000E+00  -4.33731E-13  -2.44421E-13   1.45748E-12
   5.32937E-12   8.08619E-12  -6.72507E-12  -9.87679E-11  -4.16570E-10  -1.23241E-09
  -2.86238E-09  -5.40250E-09  -8.38250E-09  -1.07300E-08  -1.13525E-08  -9.93519E-09
  -7.20437E-09  -4.34736E-09  -2.20146E-09  -9.42642E-10  -3.52806E-10  -1.16908E-10
  -3.53419E-11  -9.17100E-12  -1.75346E-12   0.00000E+00
   0.00000E+00   0.00000E+00   0.00000E+00   0.00000E+00   0.00000E+00   0.00000E+00
   0.00000E+00   0.00000E+00   0.00000E+00   0.00000E+00   0.00000E+00   0.00000E+00
   0.00000E+00  -1.09625E-12  -2.56827E-12  -5.28109E-12  -7.41548E-12  -3.42002E-12
   1.26935E-11   4.15070E-11   5.38146E-11  -6.77110E-11  -6.45538E-10  -2.34613E-09
  -6.10345E-09  -1.25022E-08  -2.07033E-08  -2.79951E-08  -3.10467E-08  -2.83375E-08
  -2.13993E-08  -1.34942E-08  -7.21226E-09  -3.33474E-09  -1.36226E-09  -4.94866E-10
  -1.61621E-10  -4.65654E-11  -1.12949E-11  -2.17531E-12
   0.00000E+00   0.00000E+00   0.00000E+00   0.00000E+00   0.00000E+00   0.00000E+00
   0.00000E+00   0.00000E+00   0.00000E+00   0.00000E+00   0.00000E+00   0.00000E+00
  -1.94585E-12  -6.56473E-12  -1.86165E-11  -4.13896E-11  -6.80801E-11  -7.73608E-11
  -3.24888E-11   8.85604E-11   2.34435E-10   1.65005E-10  -8.27443E-10  -4.30291E-09
  -1.26407E-08  -2.76349E-08  -4.77925E-08  -6.67569E-08  -7.60502E-08  -7.12017E-08
  -5.53142E-08  -3.61695E-08  -2.03094E-08  -1.00162E-08  -4.41066E-09  -1.73632E-09
  -5.98585E-10  -1.78676E-10  -4.52068E-11  -9.07697E-12
   0.00000E+00   0.00000E+00   0.00000E+00   0.00000E+00   0.00000E+00   0.00000E+00
   0.00000E+00   0.00000E+00   0.00000E+00   0.00000E+00   0.00000E+00  -2.29687E-12
  -1.03917E-11  -3.63335E-11  -1.05381E-10  -2.40568E-10  -4.34058E-10  -5.94581E-10
  -5.60413E-10  -1.89934E-10   4.45448E-10   8.28524E-10  -5.29673E-10  -6.92829E-09
  -2.35019E-08  -5.43838E-08  -9.68960E-08  -1.38002E-07  -1.59830E-07  -1.52446E-07
  -1.21483E-07  -8.24397E-08  -4.87434E-08  -2.56198E-08  -1.20571E-08  -5.02856E-09
  -1.80964E-09  -5.56173E-10  -1.43221E-10  -3.00962E-11
   0.00000E+00   0.00000E+00   0.00000E+00   0.00000E+00   0.00000E+00   0.00000E+00
   0.00000E+00   0.00000E+00   0.00000E+00   0.00000E+00  -1.80298E-12  -1.00479E-11
  -4.46287E-11  -1.62312E-10  -4.72326E-10  -1.11044E-09  -2.08662E-09  -3.07748E-09
  -3.43574E-09  -2.56164E-09  -4.77261E-10   1.69815E-09   9.52041E-10  -8.96471E-09
  -3.75416E-08  -9.23077E-08  -1.68499E-07  -2.43069E-07  -2.84740E-07  -2.76053E-07
  -2.25911E-07  -1.59703E-07  -9.97600E-08  -5.57912E-08  -2.78191E-08  -1.21382E-08
  -4.52741E-09  -1.41128E-09  -3.65331E-10  -7.77543E-11
   0.00000E+00   0.00000E+00   0.00000E+00   0.00000E+00   0.00000E+00   0.00000E+00
   0.00000E+00   0.00000E+00   0.00000E+00  -9.41180E-13  -6.46086E-12  -3.60059E-11
  -1.61210E-10  -5.81559E-10  -1.71807E-09  -4.10427E-09  -7.86430E-09  -1.20270E-08
  -1.44364E-08  -1.30009E-08  -7.43396E-09  -2.61592E-10   2.44536E-09  -1.03551E-08
  -5.40420E-08  -1.39570E-07  -2.57834E-07  -3.72607E-07  -4.37729E-07  -4.29122E-07
  -3.60062E-07  -2.65257E-07  -1.74831E-07  -1.03384E-07  -5.40443E-08  -2.43943E-08
  -9.29845E-09  -2.93707E-09  -7.65675E-10  -1.63600E-10
   0.00000E+00   0.00000E+00   0.00000E+00   0.00000E+00   0.00000E+00   0.00000E+00
   0.00000E+00   0.00000E+00   0.00000E+00  -2.76270E-12  -1.89650E-11  -1.02070E-10
  -4.64265E-10  -1.70873E-09  -5.09182E-09  -1.22467E-08  -2.37694E-08  -3.71343E-08
  -4.64136E-08  -4.56458E-08  -3.36997E-08  -1.63735E-08  -6.06873E-09  -2.19753E-08
  -8.69847E-08  -2.13169E-07  -3.80751E-07  -5.34761E-07  -6.15227E-07  -5.98337E-07
  -5.07104E-07  -3.84575E-07  -2.64180E-07  -1.62961E-07  -8.81472E-08  -4.07312E-08
  -1.57526E-08  -5.03081E-09  -1.31463E-09  -2.81450E-10
   0.00000E+00   0.00000E+00   0.00000E+00   0.00000E+00   0.00000E+00   0.00000E+00
   0.00000E+00   0.00000E+00   0.00000E+00  -6.64290E-12  -4.14348E-11  -2.38548E-10
  -1.09799E-09  -4.08269E-09  -1.22475E-08  -2.96737E-08  -5.81654E-08  -9.23249E-08
  -1.18754E-07  -1.23897E-07  -1.05012E-07  -7.43034E-08  -5.59746E-08  -8.30415E-08
  -1.88722E-07  -3.81077E-07  -6.15315E-07  -8.03369E-07  -8.70572E-07  -8.07994E-07
  -6.65534E-07  -5.01354E-07  -3.48257E-07  -2.18894E-07  -1.20521E-07  -5.64188E-08
  -2.20014E-08  -7.06114E-09  -1.85101E-09  -3.96474E-10
   0.00000E+00   0.00000E+00   0.00000E+00   0.00000E+00   0.00000E+00   0.00000E+00
   0.00000E+00   0.00000E+00  -1.54736E-12  -9.46178E-12  -7.37134E-11  -4.44311E-10
  -2.09425E-09  -7.89975E-09  -2.39343E-08  -5.85362E-08  -1.15956E-07  -1.86974E-07
  -2.47403E-07  -2.72770E-07  -2.58294E-07  -2.25032E-07  -2.13066E-07  -2.75054E-07
  -4.59580E-07  -7.65680E-07  -1.10187E-06  -1.31979E-06  -1.32138E-06  -1.13290E-06
  -8.64565E-07  -6.11842E-07  -4.08682E-07  -2.52480E-07  -1.38424E-07  -6.48551E-08
  -2.53398E-08  -8.14590E-09  -2.13808E-09  -4.58269E-10
   0.00000E+00   0.00000E+00   0.00000E+00   0.00000E+00   0.00000E+00   0.00000E+00
   0.00000E+00   0.00000E+00  -4.02212E-13  -9.64099E-12  -9.75325E-11  -6.38578E-10
  -3.17359E-09  -1.23226E-08  -3.80260E-08  -9.42991E-08  -1.89534E-07  -3.11986E-07
  -4.27980E-07  -5.03893E-07  -5.33525E-07  -5.42541E-07  -5.78876E-07  -7.11700E-07
  -1.01144E-06  -1.47229E-06  -1.94100E-06  -2.17948E-06  -2.05027E-06  -1.63227E-06
  -1.13503E-06  -7.23065E-07  -4.39280E-07  -2.54337E-07  -1.34674E-07  -6.21258E-08
  -2.41207E-08  -7.73564E-09  -2.02894E-09  -4.34731E-10
   0.00000E+00   0.00000E+00   0.00000E+00   0.00000E+00   0.00000E+00   0.00000E+00
   0.00000E+00   6.18067E-12   1.23222E-11   1.20222E-11  -6.89428E-11  -6.80125E-10
  -3.81086E-09  -1.56188E-08  -4.97209E-08  -1.25946E-07  -2.58466E-07  -4.38201E-07
  -6.31884E-07  -8.08233E-07  -9.61845E-07  -1.10516E-06  -1.26053E-06  -1.48847E-06
  -1.88519E-06  -2.46529E-06  -3.03231E-06  -3.25509E-06  -2.94494E-06  -2.23322E-06
  -1.44393E-06  -8.27949E-07  -4.43828E-07  -2.29892E-07  -1.13044E-07  -5.01209E-08
  -1.90980E-08  -6.06803E-09  -1.58690E-09  -3.39175E-10
   0.00000E+00   0.00000E+00   0.00000E+00   0.00000E+00   0.00000E+00   6.26437E-12
   1.56703E-11   3.03195E-11   5.63064E-11   7.72952E-11   3.28770E-11  -5.69980E-10
  -4.01707E-09  -1.76505E-08  -5.79855E-08  -1.49726E-07  -3.13271E-07  -5.48446E-07
  -8.37795E-07  -1.17146E-06  -1.54936E-06  -1.94206E-06  -2.28939E-06  -2.59328E-06
  -2.97115E-06  -3.50528E-06  -4.02433E-06  -4.15314E-06  -3.65871E-06  -2.69637E-06
  -1.66716E-06  -8.85796E-07  -4.23384E-07  -1.91962E-07  -8.43477E-08  -3.48040E-08
  -1.27636E-08  -3.98083E-09  -1.03120E-09  -2.19031E-10
   0.00000E+00   0.00000E+00   0.00000E+00   0.00000E+00   8.57458E-12   2.64209E-11
   6.36808E-11   1.33409E-10   2.15043E-10   2.79527E-10   1.77265E-10  -8.66889E-10
  -6.06779E-09  -2.51961E-08  -7.91518E-08  -1.97371E-07  -4.03424E-07  -7.02709E-07
  -1.09727E-06  -1.61169E-06  -2.26051E-06  -2.95678E-06  -3.51188E-06  -3.81758E-06
  -3.99582E-06  -4.24020E-06  -4.49701E-06  -4.43773E-06  -3.81496E-06  -2.75924E-06
  -1.66346E-06  -8.44594E-07  -3.72514E-07  -1.50104E-07  -5.79731E-08  -2.15752E-08
  -7.41545E-09  -2.23434E-09  -5.68745E-10  -1.19332E-10
   0.00000E+00   0.00000E+00   0.00000E+00   7.80505E-12   2.96241E-11   8.87100E-11
   2.23365E-10   4.48974E-10   7.19372E-10   8.41867E-10   2.35958E-10  -3.15198E-09
  -1.62565E-08  -5.73770E-08  -1.60197E-07  -3.63364E-07  -6.82814E-07  -1.09914E-06
  -1.59899E-06  -2.22822E-06  -3.03602E-06  -3.91403E-06  -4.56662E-06  -4.76511E-06
  -4.60841E-06  -4.39840E-06  -4.24977E-06  -3.95978E-06  -3.30545E-06  -2.35172E-06
  -1.39649E-06  -6.92100E-07  -2.91568E-07  -1.08497E-07  -3.75481E-08  -1.24986E-08
  -3.94445E-09  -1.12512E-09  -2.76783E-10  -5.69321E-11
   0.00000E+00   0.00000E+00   4.72461E-12   2.20887E-11   8.20146E-11   2.53985E-10
   6.33257E-10   1.27245E-09   2.00875E-09   2.21516E-09   1.12763E-10  -9.88856E-09
  -4.46290E-08  -1.44193E-07  -3.74656E-07  -7.95751E-07  -1.39409E-06  -2.05537E-06
