Cube data generated by ORCA
Molecular orbital 132 of operator 0
  -79  -24.453670  -24.511572   87.966523
   40    0.687781    0.000000    0.000000
   40    0.000000    0.904392    0.000000
   40    0.000000    0.000000    0.924506
    6    6.000000  -11.930884   -3.646257  106.478776
    6    6.000000  -12.979939   -6.045547  108.008810
    6    6.000000   -9.516291   -4.463896  104.958253
    6    6.000000   -8.441991   -2.683434  102.838514
    6    6.000000  -10.680604   -1.856541  101.122259
    6    6.000000  -13.901685   -2.717978  104.519956
    6    6.000000  -10.846644   -7.285555  109.516122
    6    6.000000  -11.417234   -9.039259  111.725520
    6    6.000000  -13.694802   -8.234582  113.399129
    6    6.000000  -12.841185   -0.768164  102.687604
    6    6.000000  -15.125360   -5.271514  109.864936
    6    6.000000   -9.924905   -0.119959   98.846770
    6    6.000000  -15.882090   -7.360399  111.698571
    6    6.000000   -6.568459   -4.277956  101.208055
    6    6.000000  -11.303203   -1.490122  108.337968
    6    6.000000   -7.492612   -5.454653  106.766355
    6    6.000000  -14.060533   -8.085752  106.204615
    6    6.000000  -11.655519  -11.840970  110.963833
    6    6.000000   -8.394076   -6.962547  108.908956
    6    6.000000   -6.976471   -0.371431  103.850636
    6    6.000000  -14.577119  -10.525790  115.005389
    6    6.000000  -11.253896  -13.565002  113.281066
    6    6.000000   -6.501967   -3.526012   98.387353
    6    6.000000   -7.246687   -0.804780   97.939228
    6    6.000000  -12.402469  -12.297462  115.690688
    6    6.000000  -12.841819   -6.086723  115.159552
    6    6.000000  -10.074723    2.730654   99.377431
    6    6.000000  -11.692728   -0.704288   96.588980
    6    6.000000  -12.489392  -16.156618  112.794198
    6    6.000000   -8.400210  -13.944175  113.698151
    8    8.000000   -5.230667   -5.129136  106.447213
    8    8.000000   -5.894610    0.702723   96.869906
    8    8.000000  -16.050116   -1.730652  105.795017
    8    8.000000   -6.768098  -13.175058  112.320210
    8    8.000000   -7.769545  -15.242162  115.811934
    1    1.000000  -17.095538   -0.888171  104.558884
    1    1.000000   -9.269532  -15.717739  116.743688
    1    1.000000  -10.093851   -6.175045  103.912737
    1    1.000000  -11.409701   -3.625205  100.281852
    1    1.000000  -14.470853   -4.364022  103.365976
    1    1.000000   -9.709505   -8.952210  112.907871
    1    1.000000  -14.393944   -0.174351  101.424444
    1    1.000000  -12.250263    0.929307  103.729178
    1    1.000000  -16.761079   -4.655487  108.755544
    1    1.000000  -14.536965   -3.615308  110.962491
    1    1.000000  -17.453670   -6.693591  112.896985
    1    1.000000  -16.630051   -9.000602  110.652711
    1    1.000000   -7.063081   -6.295054  101.333378
    1    1.000000   -4.675572   -4.115865  102.030998
    1    1.000000  -10.249625  -12.315256  109.515372
    1    1.000000  -13.536131  -12.219772  110.164527
    1    1.000000   -6.902263   -7.868369  110.016277
    1    1.000000  -15.517134   -9.839209  116.732326
    1    1.000000  -16.020811  -11.606154  113.961380
    1    1.000000   -4.630220   -3.848427   97.550133
    1    1.000000   -7.870114   -4.691880   97.329074
    1    1.000000  -13.064859  -13.760149  117.022243
    1    1.000000  -10.940623  -11.211721  116.701797
    1    1.000000  -12.116280  -17.511572  114.331279
    1    1.000000  -11.785201  -16.993076  111.023930
    1    1.000000  -14.553356  -15.943485  112.631976
    1    1.000000  -12.703103   -8.635798  104.732846
    1    1.000000  -14.541337   -9.812690  107.241710
    1    1.000000  -15.804654   -7.420475  105.292570
    1    1.000000   -5.652457   -0.955168  105.331498
    1    1.000000   -5.849171    0.493609  102.333291
    1    1.000000   -8.207532    1.114949  104.608160
    1    1.000000  -11.948160   -4.535137  114.103084
    1    1.000000  -11.437873   -6.770751  116.537446
    1    1.000000  -14.453272   -5.301658  116.220075
    1    1.000000  -13.034358   -0.591505  109.035154
    1    1.000000  -10.163293   -0.018455  107.438968
    1    1.000000  -10.215422   -2.193745  109.960124
    1    1.000000   -8.996064    3.280462  101.060175
    1    1.000000   -9.272505    3.759731   97.763107
    1    1.000000  -12.043594    3.343771   99.635850
    1    1.000000  -11.543806   -2.688237   95.978536
    1    1.000000  -11.232740    0.512158   94.966523
    1    1.000000  -13.675471   -0.350972   97.117584
    1  132
   0.00000E+00   0.00000E+00   0.00000E+00   0.00000E+00   0.00000E+00   0.00000E+00
   0.00000E+00   0.00000E+00   0.00000E+00   0.00000E+00   0.00000E+00   0.00000E+00
   0.00000E+00   0.00000E+00   0.00000E+00   0.00000E+00   0.00000E+00   0.00000E+00
   0.00000E+00   0.00000E+00   0.00000E+00   0.00000E+00   0.00000E+00   0.00000E+00
   0.00000E+00   3.08731E-13   3.94799E-13   4.09861E-13   3.45433E-13   0.00000E+00
   0.00000E+00   0.00000E+00   0.00000E+00   0.00000E+00   0.00000E+00   0.00000E+00
   0.00000E+00   0.00000E+00   0.00000E+00   0.00000E+00
   0.00000E+00   0.00000E+00   0.00000E+00   0.00000E+00   0.00000E+00   0.00000E+00
   0.00000E+00   0.00000E+00   0.00000E+00   0.00000E+00   0.00000E+00   0.00000E+00
   0.00000E+00   0.00000E+00   0.00000E+00   0.00000E+00   0.00000E+00   0.00000E+00
   0.00000E+00   0.00000E+00   0.00000E+00   0.00000E+00   0.00000E+00   6.05150E-13
   1.17416E-12   1.84951E-12   2.36512E-12   2.45535E-12   2.06938E-12   1.41590E-12
   7.86486E-13   3.54662E-13   0.00000E+00   0.00000E+00   0.00000E+00   0.00000E+00
   0.00000E+00   0.00000E+00   0.00000E+00   0.00000E+00
   0.00000E+00   0.00000E+00   0.00000E+00   0.00000E+00   0.00000E+00   0.00000E+00
   0.00000E+00   0.00000E+00   0.00000E+00   0.00000E+00   0.00000E+00   0.00000E+00
   0.00000E+00   0.00000E+00   0.00000E+00   0.00000E+00   0.00000E+00   0.00000E+00
   0.00000E+00   0.00000E+00   0.00000E+00   4.22056E-13   1.24252E-12   2.96963E-12
   5.76191E-12   9.07605E-12   1.16063E-11   1.20491E-11   1.01550E-11   6.94821E-12
   3.85950E-12   1.74042E-12   6.37152E-13   0.00000E+00   0.00000E+00   0.00000E+00
   0.00000E+00   0.00000E+00   0.00000E+00   0.00000E+00
   0.00000E+00   0.00000E+00   0.00000E+00   0.00000E+00   0.00000E+00   0.00000E+00
   0.00000E+00   0.00000E+00   0.00000E+00   0.00000E+00   0.00000E+00   0.00000E+00
   0.00000E+00   0.00000E+00   0.00000E+00   0.00000E+00   0.00000E+00   0.00000E+00
   0.00000E+00   0.00000E+00   4.67846E-13   1.69657E-12   4.99465E-12   1.19372E-11
   2.31616E-11   3.64837E-11   4.66545E-11   4.27506E-11   3.37936E-11   2.08770E-11
   9.76714E-12   6.99609E-12   2.56120E-12   7.61200E-13   0.00000E+00   0.00000E+00
   0.00000E+00   0.00000E+00   0.00000E+00   0.00000E+00
   0.00000E+00   0.00000E+00   0.00000E+00   0.00000E+00   0.00000E+00   0.00000E+00
   0.00000E+00   0.00000E+00   0.00000E+00   0.00000E+00   0.00000E+00   0.00000E+00
   0.00000E+00   0.00000E+00   0.00000E+00   0.00000E+00   0.00000E+00   0.00000E+00
   0.00000E+00   3.44877E-13   1.54052E-12   5.58643E-12   1.64463E-11   3.93067E-11
   7.56074E-11   1.18733E-10   1.42511E-10   1.42855E-10   1.14190E-10   7.19788E-11
   3.50291E-11   1.25566E-11   7.63207E-12   2.50647E-12   6.04759E-13   0.00000E+00
   0.00000E+00   0.00000E+00   0.00000E+00   0.00000E+00
   0.00000E+00   0.00000E+00   0.00000E+00   0.00000E+00   0.00000E+00   0.00000E+00
   0.00000E+00   0.00000E+00   0.00000E+00   0.00000E+00   0.00000E+00   0.00000E+00
   0.00000E+00   0.00000E+00   0.00000E+00   0.00000E+00   0.00000E+00   0.00000E+00
   0.00000E+00   9.30229E-13   4.15520E-12   1.50682E-11   4.38125E-11   1.03504E-10
   2.00071E-10   3.10950E-10   3.88897E-10   3.90249E-10   3.12781E-10   1.94535E-10
   8.88983E-11   2.82339E-11   2.51793E-12   8.60290E-14   8.96282E-13   3.19516E-13
   0.00000E+00   0.00000E+00   0.00000E+00   0.00000E+00
   0.00000E+00   0.00000E+00   0.00000E+00   0.00000E+00   0.00000E+00   0.00000E+00
   0.00000E+00   0.00000E+00   0.00000E+00   0.00000E+00   0.00000E+00   0.00000E+00
   0.00000E+00   0.00000E+00   0.00000E+00   0.00000E+00   0.00000E+00   0.00000E+00
   3.73543E-13   2.05531E-12   9.18078E-12   3.55867E-11   9.65962E-11   2.27161E-10
   4.34997E-10   6.65153E-10   8.16276E-10   8.00916E-10   6.10259E-10   3.54233E-10
   1.42977E-10   2.00627E-11  -2.08828E-11  -2.36494E-11  -1.30818E-11  -5.81885E-12
   0.00000E+00   0.00000E+00   0.00000E+00   0.00000E+00
   0.00000E+00   0.00000E+00   0.00000E+00   0.00000E+00   0.00000E+00   0.00000E+00
   0.00000E+00   0.00000E+00   0.00000E+00   0.00000E+00   0.00000E+00   0.00000E+00
   0.00000E+00   0.00000E+00   0.00000E+00   0.00000E+00   0.00000E+00   0.00000E+00
   6.76067E-13   4.87806E-12   1.95020E-11   7.04373E-11   1.93152E-10   4.35192E-10
   7.74741E-10   1.11025E-09   1.25807E-09   1.10174E-09   6.95191E-10   2.50735E-10
  -5.36161E-11  -1.76446E-10  -1.71169E-10  -1.13506E-10  -5.87538E-11  -2.73873E-11
  -1.09390E-11   0.00000E+00   0.00000E+00   0.00000E+00
   0.00000E+00   0.00000E+00   0.00000E+00   0.00000E+00   0.00000E+00   0.00000E+00
   0.00000E+00   0.00000E+00   0.00000E+00   0.00000E+00   0.00000E+00   0.00000E+00
   0.00000E+00   0.00000E+00   0.00000E+00   0.00000E+00   0.00000E+00  -4.78187E-12
  -1.42697E-11  -2.47201E-12   5.23528E-11   2.02043E-10   4.73039E-10   8.86683E-10
   1.30168E-09   1.48697E-09   1.17815E-09   3.81506E-10  -5.62310E-10  -1.20950E-09
  -1.35454E-09  -1.11992E-09  -7.60759E-10  -4.38365E-10  -2.26551E-10  -9.95165E-11
  -3.78964E-11  -1.20309E-11   0.00000E+00   0.00000E+00
   0.00000E+00   0.00000E+00   0.00000E+00   0.00000E+00   0.00000E+00   0.00000E+00
   0.00000E+00   0.00000E+00   0.00000E+00   0.00000E+00   0.00000E+00   0.00000E+00
   0.00000E+00   0.00000E+00   0.00000E+00  -2.89283E-11  -6.00757E-11  -9.40120E-11
  -1.11172E-10  -4.33678E-11   2.21283E-10   8.11344E-10   1.75269E-09   2.77500E-09
   3.26476E-09   2.46691E-09   1.73097E-10  -2.97626E-09  -5.55724E-09  -6.53327E-09
  -5.87794E-09  -4.33109E-09  -2.73893E-09  -1.50329E-09  -7.45235E-10  -3.26939E-10
  -1.26007E-10  -3.97439E-11  -1.00638E-11   0.00000E+00
   0.00000E+00   0.00000E+00   0.00000E+00   0.00000E+00   0.00000E+00   0.00000E+00
   0.00000E+00   0.00000E+00   0.00000E+00   0.00000E+00   0.00000E+00   0.00000E+00
   0.00000E+00  -2.34428E-11  -7.29461E-11  -1.80650E-10  -3.58965E-10  -5.74317E-10
  -6.74185E-10  -3.44828E-10   9.02061E-10   3.53288E-09   7.49918E-09   1.15024E-08
   1.29605E-08   9.51735E-09   1.11219E-09  -9.19999E-09  -1.69387E-08  -1.94467E-08
  -1.71901E-08  -1.26137E-08  -8.05574E-09  -4.57662E-09  -2.28025E-09  -1.01455E-09
  -3.85496E-10  -1.24419E-10  -3.24262E-11  -5.68389E-12
   0.00000E+00   0.00000E+00   0.00000E+00   0.00000E+00   0.00000E+00   0.00000E+00
   0.00000E+00   0.00000E+00   0.00000E+00   0.00000E+00   0.00000E+00   0.00000E+00
  -3.40855E-11  -1.27267E-10  -3.82897E-10  -9.34861E-10  -1.85394E-09  -2.89307E-09
  -3.42348E-09  -2.10651E-09   2.84489E-09   1.31293E-08   2.84119E-08   4.39453E-08
   5.10155E-08   4.22211E-08   1.80896E-08  -1.15878E-08  -3.42827E-08  -4.31595E-08
  -3.98411E-08  -3.03629E-08  -2.02006E-08  -1.19565E-08  -6.26393E-09  -2.80961E-09
  -1.08145E-09  -3.50993E-10  -9.15311E-11  -1.78038E-11
   0.00000E+00   0.00000E+00   0.00000E+00   0.00000E+00   0.00000E+00   0.00000E+00
   0.00000E+00   0.00000E+00   0.00000E+00   0.00000E+00   0.00000E+00  -3.29579E-11
  -1.49110E-10  -5.53023E-10  -1.65781E-09  -3.99887E-09  -7.86701E-09  -1.23796E-08
  -1.48683E-08  -1.08695E-08   5.43719E-09   3.87880E-08   8.74181E-08   1.37211E-07
   1.63089E-07   1.44646E-07   8.43245E-08   8.67499E-09  -5.07158E-08  -7.80920E-08
  -7.75695E-08  -6.24000E-08  -4.36653E-08  -2.70550E-08  -1.46580E-08  -6.79437E-09
  -2.62065E-09  -8.41839E-10  -2.23423E-10  -4.56819E-11
   0.00000E+00   0.00000E+00   0.00000E+00   0.00000E+00   0.00000E+00   0.00000E+00
   0.00000E+00   0.00000E+00   0.00000E+00   0.00000E+00  -2.11922E-11  -1.18102E-10
  -5.36311E-10  -1.97386E-09  -5.86693E-09  -1.42100E-08  -2.78690E-08  -4.39403E-08
  -5.36559E-08  -4.36467E-08   8.39845E-10   8.97245E-08   2.16417E-07   3.44296E-07
   4.12622E-07   3.74416E-07   2.38859E-07   6.97323E-08  -6.26222E-08  -1.27022E-07
  -1.34802E-07  -1.12922E-07  -8.20481E-08  -5.25550E-08  -2.91794E-08  -1.37395E-08
  -5.34998E-09  -1.72734E-09  -4.58643E-10  -9.65443E-11
   0.00000E+00   0.00000E+00   0.00000E+00   0.00000E+00   0.00000E+00   0.00000E+00
   0.00000E+00   0.00000E+00   0.00000E+00   0.00000E+00  -6.22066E-11  -3.46673E-10
  -1.57188E-09  -5.76538E-09  -1.71722E-08  -4.15194E-08  -8.14034E-08  -1.28249E-07
  -1.58394E-07  -1.38336E-07  -3.69908E-08   1.60366E-07   4.31061E-07   6.93804E-07
   8.25044E-07   7.37428E-07   4.61493E-07   1.33289E-07  -1.10088E-07  -2.19121E-07
  -2.26529E-07  -1.86911E-07  -1.35615E-07  -8.74663E-08  -4.90129E-08  -2.32251E-08
  -9.13712E-09  -2.94118E-09  -7.80732E-10  -1.65925E-10
   0.00000E+00   0.00000E+00   0.00000E+00   0.00000E+00   0.00000E+00   0.00000E+00
   0.00000E+00   0.00000E+00   0.00000E+00  -2.17893E-11  -1.49575E-10  -8.37622E-10
  -3.78805E-09  -1.38601E-08  -4.12405E-08  -9.96765E-08  -1.94989E-07  -3.07122E-07
  -3.81800E-07  -3.48017E-07  -1.51300E-07   2.17369E-07   6.94802E-07   1.12445E-06
   1.29666E-06   1.08507E-06   5.76208E-07   2.73090E-08  -3.30985E-07  -4.42561E-07
  -3.94828E-07  -2.95623E-07  -2.01336E-07  -1.25507E-07  -6.93281E-08  -3.26891E-08
  -1.28396E-08  -4.13452E-09  -1.09405E-09  -2.33725E-10
   0.00000E+00   0.00000E+00   0.00000E+00   0.00000E+00   0.00000E+00   0.00000E+00
   0.00000E+00   0.00000E+00   0.00000E+00  -4.29169E-11  -2.98945E-10  -1.65748E-09
  -7.48823E-09  -2.73352E-08  -8.12513E-08  -1.96084E-07  -3.82893E-07  -6.01850E-07
  -7.48476E-07  -6.94479E-07  -3.60616E-07   2.30471E-07   9.33280E-07   1.48359E-06
   1.58383E-06   1.10570E-06   2.53028E-07  -5.42556E-07  -9.46137E-07  -9.33609E-07
  -7.04510E-07  -4.57573E-07  -2.75894E-07  -1.57982E-07  -8.32258E-08  -3.83609E-08
  -1.49206E-08  -4.78756E-09  -1.26562E-09  -2.69330E-10
   0.00000E+00   0.00000E+00   0.00000E+00   0.00000E+00   0.00000E+00   0.00000E+00
   0.00000E+00   0.00000E+00   0.00000E+00  -7.23311E-11  -4.89057E-10  -2.70636E-09
  -1.21361E-08  -4.43143E-08  -1.31490E-07  -3.16392E-07  -6.15730E-07  -9.62575E-07
  -1.18678E-06  -1.08943E-06  -5.74255E-07   2.65460E-07   1.14876E-06   1.67703E-06
   1.49574E-06   5.52343E-07  -7.51522E-07  -1.77084E-06  -2.08545E-06  -1.76479E-06
  -1.18695E-06  -6.80100E-07  -3.55964E-07  -1.79108E-07  -8.62724E-08  -3.78841E-08
  -1.43912E-08  -4.57162E-09  -1.20297E-09  -2.54874E-10
   0.00000E+00   0.00000E+00   0.00000E+00   0.00000E+00   0.00000E+00   0.00000E+00
   0.00000E+00   0.00000E+00   0.00000E+00  -9.95230E-11  -6.73086E-10  -3.67326E-09
  -1.63448E-08  -5.93529E-08  -1.75299E-07  -4.19755E-07  -8.11336E-07  -1.25319E-06
  -1.50815E-06  -1.30849E-06  -5.55578E-07   5.49234E-07   1.54114E-06   1.87208E-06
   1.18346E-06  -4.06488E-07  -2.22932E-06  -3.42498E-06  -3.53618E-06  -2.78142E-06
  -1.75411E-06  -9.24815E-07  -4.29793E-07  -1.87400E-07  -7.94505E-08  -3.20687E-08
  -1.16228E-08  -3.62328E-09  -9.43250E-10  -1.99029E-10
   0.00000E+00   0.00000E+00   0.00000E+00   0.00000E+00   0.00000E+00   0.00000E+00
   0.00000E+00   9.71844E-13  -1.32218E-11  -1.21233E-10  -7.94471E-10  -4.25826E-09
  -1.86558E-08  -6.69194E-08  -1.95544E-07  -4.63220E-07  -8.82530E-07  -1.32942E-06
  -1.51442E-06  -1.11929E-06  -5.73090E-08   1.34353E-06   2.41186E-06   2.45151E-06
   1.15060E-06  -1.13470E-06  -3.45516E-06  -4.78941E-06  -4.70444E-06  -3.57803E-06
  -2.18354E-06  -1.09803E-06  -4.71297E-07  -1.81963E-07  -6.69059E-08  -2.39535E-08
  -8.05075E-09  -2.41165E-09  -6.15330E-10  -1.29475E-10
   0.00000E+00   0.00000E+00   0.00000E+00   0.00000E+00   0.00000E+00   8.06864E-13
   2.01837E-12   4.09889E-12  -2.45980E-12  -1.33664E-10  -8.77865E-10  -4.56410E-09
  -1.93811E-08  -6.76263E-08  -1.92689E-07  -4.45284E-07  -8.22901E-07  -1.17818E-06
  -1.19147E-06  -5.20113E-07   9.00491E-07   2.62572E-06   3.79757E-06   3.59972E-06
   1.79766E-06  -1.01613E-06  -3.68040E-06  -5.11938E-06  -4.97802E-06  -3.74065E-06
  -2.24905E-06  -1.10407E-06  -4.52773E-07  -1.60899E-07  -5.22856E-08  -1.63269E-08
  -4.93118E-09  -1.38803E-09  -3.40215E-10  -7.03807E-11
   0.00000E+00   0.00000E+00   0.00000E+00   0.00000E+00   9.04685E-13   2.78761E-12
   6.97321E-12   1.41612E-11   6.04765E-12  -1.51150E-10  -1.05800E-09  -5.33931E-09
  -2.16976E-08  -7.21117E-08  -1.95837E-07  -4.31275E-07  -7.54018E-07  -9.92420E-07
  -8.10291E-07   1.35454E-07   1.87850E-06   3.88978E-06   5.19390E-06   4.91958E-06
   2.91828E-06  -5.97241E-08  -2.78359E-06  -4.25229E-06  -4.21709E-06  -3.17706E-06
  -1.90266E-06  -9.24373E-07  -3.70596E-07  -1.25611E-07  -3.74975E-08  -1.04158E-08
  -2.78738E-09  -7.15298E-10  -1.66011E-10  -3.19301E-11
   0.00000E+00   0.00000E+00   0.00000E+00   0.00000E+00   2.56030E-12   7.88908E-12
   1.97345E-11   3.87228E-11   3.45720E-11  -1.86873E-10  -1.54581E-09  -7.80048E-09
  -3.07104E-08  -9.77198E-08  -2.52983E-07  -5.29169E-07  -8.76995E-07  -1.08741E-06
  -8.01298E-07   3.10150E-07   2.23464E-06   4.39499E-06   5.79936E-06   5.61773E-06
   3.78182E-06   1.07468E-06  -1.36979E-06  -2.73049E-06  -2.86160E-06  -2.19139E-06
  -1.31777E-06  -6.38935E-07  -2.53867E-07  -8.41854E-08  -2.40503E-08  -6.19181E-09
  -1.50456E-09  -3.51192E-10  -7.60768E-11  -1.36223E-11
   0.00000E+00   0.00000E+00   0.00000E+00   1.56379E-12   5.93537E-12   1.82887E-11
   4.62386E-11   9.02428E-11   9.99256E-11  -2.40663E-10  -2.48516E-09  -1.28365E-08
  -5.02971E-08  -1.57733E-07  -4.00226E-07  -8.19953E-07  -1.34088E-06  -1.69133E-06
  -1.46182E-06  -3.40417E-07   1.59257E-06   3.73089E-06   5.15728E-06   5.17477E-06
   3.78520E-06   1.68607E-06  -2.11243E-07  -1.31216E-06  -1.54637E-06  -1.22536E-06
  -7.45833E-07  -3.63084E-07  -1.44195E-07  -4.75451E-08  -1.33864E-08  -3.34135E-09
  -7.71715E-10  -1.69837E-10  -3.47944E-11  -5.82216E-12
   0.00000E+00   0.00000E+00   0.00000E+00   2.96959E-12   1.12711E-11   3.47296E-11
   8.86911E-11   1.72493E-10   2.12577E-10  -2.74029E-10  -3.74864E-09  -1.99210E-08
  -7.85232E-08  -2.46289E-07  -6.23489E-07  -1.27542E-06  -2.09864E-06  -2.73541E-06
  -2.69562E-06  -1.67721E-06   1.53886E-07   2.16161E-06   3.54653E-06   3.79151E-06
   2.95593E-06   1.58811E-06   3.33568E-07  -4.23898E-07  -6.55135E-07  -5.53149E-07
  -3.44226E-07  -1.69208E-07  -6.75874E-08  -2.24236E-08  -6.34131E-09  -1.58092E-09
  -3.65805E-10  -7.95383E-11  -1.59619E-11  -1.94196E-12
   0.00000E+00   0.00000E+00   9.88036E-13   4.61930E-12   1.75326E-11   5.40232E-11
   1.37692E-10   2.70201E-10   3.55702E-10  -2.59636E-10  -4.86107E-09  -2.65548E-08
  -1.05513E-07  -3.32054E-07  -8.42031E-07  -1.72649E-06  -2.85939E-06  -3.80165E-06
  -3.98327E-06  -3.10756E-06  -1.41953E-06   4.19942E-07   1.72886E-06   2.15927E-06
   1.81153E-06   1.08338E-06   3.88561E-07  -4.70978E-08  -2.09506E-07  -1.99829E-07
  -1.29196E-07  -6.45900E-08  -2.60901E-08  -8.76472E-09  -2.51470E-09  -6.47653E-10
  -1.54232E-10  -3.42939E-11  -5.30442E-12  -1.01358E-12
   0.00000E+00   0.00000E+00   1.25897E-12   5.88597E-12   2.23402E-11   6.88371E-11
   1.74895E-10   3.46705E-10   4.80719E-10  -1.61195E-10  -5.23268E-09  -2.94420E-08
  -1.17917E-07  -3.72352E-07  -9.46063E-07  -1.94366E-06  -3.23142E-06  -4.33816E-06
  -4.66790E-06  -3.94063E-06  -2.44082E-06  -8.13258E-07   3.70617E-07   8.89270E-07
   8.60798E-07   5.63687E-07   2.48570E-07   4.18375E-08  -4.53251E-08  -5.67677E-08
  -3.92296E-08  -2.01527E-08  -8.28835E-09  -2.84052E-09  -8.41781E-10  -2.25643E-10
  -5.51681E-11  -1.26414E-11  -2.26788E-12   0.00000E+00
   0.00000E+00   0.00000E+00   1.31407E-12   6.14359E-12   2.33180E-11   7.18499E-11
   1.82662E-10   3.63946E-10   5.22662E-10  -1.82737E-11  -4.62512E-09  -2.68494E-08
  -1.08446E-07  -3.43562E-07  -8.74400E-07  -1.79889E-06  -2.99678E-06  -4.04132E-06
  -4.39899E-06  -3.83181E-06  -2.60641E-06  -1.27984E-06  -3.02744E-07   1.86899E-07
   2.99418E-07   2.25126E-07   1.12975E-07   3.32796E-08  -3.45094E-09  -1.21994E-08
  -9.57021E-09  -5.12913E-09  -2.16264E-09  -7.63289E-10  -2.35074E-10  -6.60664E-11
  -1.72901E-11  -3.37448E-12   0.00000E+00   0.00000E+00
   0.00000E+00   0.00000E+00   1.12353E-12   5.25277E-12   1.99369E-11   6.14316E-11
   1.56276E-10   3.13310E-10   4.62921E-10   9.85698E-11  -3.32883E-09  -2.00686E-08
  -8.17832E-08  -2.60007E-07  -6.62779E-07  -1.36490E-06  -2.27634E-06  -3.07621E-06
  -3.36546E-06  -2.97032E-06  -2.09423E-06  -1.14697E-06  -4.44991E-07  -7.11020E-08
   5.84851E-08   6.61759E-08   3.84105E-08   1.41875E-08   1.93182E-09  -1.78768E-09
  -1.83296E-09  -1.04744E-09  -4.61451E-10  -1.71866E-10  -5.52287E-11  -1.64144E-11
  -3.33905E-12  -9.68082E-13   0.00000E+00   0.00000E+00
   0.00000E+00   0.00000E+00   7.86887E-13   3.67888E-12   1.39632E-11   4.30249E-11
   1.09523E-10   2.20818E-10   3.34706E-10   1.38486E-10  -1.94075E-09  -1.22692E-08
  -5.05183E-08  -1.61206E-07  -4.11622E-07  -8.48442E-07  -1.41600E-06  -1.91555E-06
  -2.10039E-06  -1.86431E-06  -1.33409E-06  -7.61124E-07  -3.35336E-07  -1.02344E-07
  -1.00877E-08   1.16448E-08   9.56860E-09   4.21941E-09   1.04004E-09  -8.39848E-11
  -2.60217E-10  -1.74019E-10  -8.51261E-11  -3.21478E-11  -1.08679E-11  -2.19718E-12
   0.00000E+00   0.00000E+00   0.00000E+00   0.00000E+00
   0.00000E+00   0.00000E+00   0.00000E+00   2.11060E-12   8.01078E-12   2.46837E-11
   6.28775E-11   1.27424E-10   1.97936E-10   1.15698E-10  -9.15214E-10  -6.12497E-09
  -2.55391E-08  -8.18508E-08  -2.09390E-07  -4.32000E-07  -7.21391E-07  -9.76448E-07
  -1.07179E-06  -9.53683E-07  -6.86793E-07  -3.98452E-07  -1.83907E-07  -6.51201E-08
  -1.55674E-08  -7.84058E-10   1.48838E-09   9.03165E-10   2.93955E-10   3.47630E-11
  -2.48729E-11  -2.82019E-11  -1.29501E-11  -5.02146E-12  -9.61469E-13   0.00000E+00
   0.00000E+00   0.00000E+00   0.00000E+00   0.00000E+00
   0.00000E+00   0.00000E+00   0.00000E+00   9.91876E-13   3.76467E-12   1.16001E-11
   2.90176E-11   6.18934E-11   9.56335E-11   7.01145E-11  -3.45953E-10  -2.49651E-09
  -1.05621E-08  -3.40243E-08  -8.72313E-08  -1.80163E-07  -3.01007E-07  -4.07593E-07
  -4.47630E-07  -3.98749E-07  -2.87952E-07  -1.68254E-07  -7.91414E-08  -2.95535E-08
  -8.41070E-09  -1.57162E-09  -2.32816E-11   1.21233E-10   5.45774E-11   1.46080E-11
  -5.29839E-12  -3.07183E-12   0.00000E+00   0.00000E+00   0.00000E+00   0.00000E+00
   0.00000E+00   0.00000E+00   0.00000E+00   0.00000E+00
   0.00000E+00   0.00000E+00   0.00000E+00   0.00000E+00   1.44924E-12   4.46555E-12
   1.11706E-11   2.38717E-11   3.78687E-11   3.27859E-11  -1.03516E-10  -8.28851E-10
  -3.57206E-09  -1.15779E-08  -2.97571E-08  -6.15308E-08  -1.02870E-07  -1.39341E-07
  -1.53075E-07  -1.36434E-07  -9.86458E-08  -5.78216E-08  -2.74176E-08  -1.04604E-08
  -3.16286E-09  -7.24740E-10  -1.07157E-10   3.27401E-13   7.43336E-12   0.00000E+00
   0.00000E+00   0.00000E+00   0.00000E+00   0.00000E+00   0.00000E+00   0.00000E+00
   0.00000E+00   0.00000E+00   0.00000E+00   0.00000E+00
   0.00000E+00   0.00000E+00   0.00000E+00   0.00000E+00   0.00000E+00   1.40816E-12
   3.52250E-12   7.15348E-12   1.34876E-11   1.22162E-11  -2.38146E-11  -2.23456E-10
  -9.86799E-10  -3.22381E-09  -8.31316E-09  -1.72117E-08  -2.87952E-08  -3.90201E-08
  -4.28787E-08  -3.82227E-08  -2.76541E-08  -1.62310E-08  -7.72402E-09  -2.97404E-09
  -9.21966E-10  -2.27063E-10  -4.03955E-11  -8.37745E-12   0.00000E+00   0.00000E+00
   0.00000E+00   0.00000E+00   0.00000E+00   0.00000E+00   0.00000E+00   0.00000E+00
   0.00000E+00   0.00000E+00   0.00000E+00   0.00000E+00
   0.00000E+00   0.00000E+00   0.00000E+00   0.00000E+00   0.00000E+00   0.00000E+00
   9.09890E-13   1.84780E-12   3.04640E-12   3.72427E-12  -3.85303E-12  -4.85770E-11
  -2.22267E-10  -7.34058E-10  -1.90167E-09  -3.94365E-09  -6.60259E-09  -8.95056E-09
  -9.83727E-09  -8.77194E-09  -6.34819E-09  -3.72963E-09  -1.77837E-09  -6.88405E-10
  -2.16337E-10  -5.51931E-11  -1.14315E-11   0.00000E+00   0.00000E+00   0.00000E+00
   0.00000E+00   0.00000E+00   0.00000E+00   0.00000E+00   0.00000E+00   0.00000E+00
   0.00000E+00   0.00000E+00   0.00000E+00   0.00000E+00
   0.00000E+00   0.00000E+00   0.00000E+00   0.00000E+00   0.00000E+00   0.00000E+00
   0.00000E+00   0.00000E+00   0.00000E+00   8.62746E-13  -6.08956E-13  -8.36284E-12
  -4.12319E-11  -1.36842E-10  -3.55811E-10  -7.39699E-10  -1.23999E-09  -1.68155E-09
  -1.84852E-09  -1.64850E-09  -1.19347E-09  -7.00976E-10  -3.34241E-10  -1.29384E-10
  -4.06602E-11  -1.03734E-11   0.00000E+00   0.00000E+00   0.00000E+00   0.00000E+00
   0.00000E+00   0.00000E+00   0.00000E+00   0.00000E+00   0.00000E+00   0.00000E+00
   0.00000E+00   0.00000E+00   0.00000E+00   0.00000E+00
   0.00000E+00   0.00000E+00   0.00000E+00   0.00000E+00   0.00000E+00   0.00000E+00
   0.00000E+00   0.00000E+00   0.00000E+00   0.00000E+00   0.00000E+00   0.00000E+00
  -7.14241E-12  -2.09961E-11  -5.46453E-11  -1.13716E-10  -1.90719E-10  -2.58762E-10
  -2.84988E-10  -2.53973E-10  -1.83744E-10  -1.07920E-10  -5.14588E-11  -1.99196E-11
  -6.25992E-12   0.00000E+00   0.00000E+00   0.00000E+00   0.00000E+00   0.00000E+00
   0.00000E+00   0.00000E+00   0.00000E+00   0.00000E+00   0.00000E+00   0.00000E+00
   0.00000E+00   0.00000E+00   0.00000E+00   0.00000E+00
   0.00000E+00   0.00000E+00   0.00000E+00   0.00000E+00   0.00000E+00   0.00000E+00
   0.00000E+00   0.00000E+00   0.00000E+00   0.00000E+00   0.00000E+00   0.00000E+00
   0.00000E+00  -2.80397E-12  -7.08607E-12  -1.45379E-11  -2.42140E-11  -3.27412E-11
  -3.59409E-11  -3.20294E-11  -2.31726E-11  -1.36102E-11  -6.48965E-12  -2.51214E-12
   0.00000E+00   0.00000E+00   0.00000E+00   0.00000E+00   0.00000E+00   0.00000E+00
   0.00000E+00   0.00000E+00   0.00000E+00   0.00000E+00   0.00000E+00   0.00000E+00
   0.00000E+00   0.00000E+00   0.00000E+00   0.00000E+00
   0.00000E+00   0.00000E+00   0.00000E+00   0.00000E+00   0.00000E+00   0.00000E+00
   0.00000E+00   0.00000E+00   0.00000E+00   0.00000E+00   0.00000E+00   0.00000E+00
   0.00000E+00   0.00000E+00   0.00000E+00   0.00000E+00  -2.50144E-12  -3.38235E-12
  -3.71289E-12  -3.30881E-12  -2.39385E-12   0.00000E+00   0.00000E+00   0.00000E+00
   0.00000E+00   0.00000E+00   0.00000E+00   0.00000E+00   0.00000E+00   0.00000E+00
   0.00000E+00   0.00000E+00   0.00000E+00   0.00000E+00   0.00000E+00   0.00000E+00
   0.00000E+00   0.00000E+00   0.00000E+00   0.00000E+00
   0.00000E+00   0.00000E+00   0.00000E+00   0.00000E+00   0.00000E+00   0.00000E+00
   0.00000E+00   0.00000E+00   0.00000E+00   0.00000E+00   0.00000E+00   0.00000E+00
   0.00000E+00   0.00000E+00   0.00000E+00   0.00000E+00   0.00000E+00   0.00000E+00
   0.00000E+00   0.00000E+00   0.00000E+00   0.00000E+00   0.00000E+00   0.00000E+00
   0.00000E+00   0.00000E+00   0.00000E+00   0.00000E+00   0.00000E+00   0.00000E+00
   0.00000E+00   0.00000E+00   0.00000E+00   0.00000E+00   0.00000E+00   0.00000E+00
   0.00000E+00   0.00000E+00   0.00000E+00   0.00000E+00
   0.00000E+00   0.00000E+00   0.00000E+00   0.00000E+00   0.00000E+00   0.00000E+00
   0.00000E+00   0.00000E+00   0.00000E+00   0.00000E+00   0.00000E+00   0.00000E+00
   0.00000E+00   0.00000E+00   0.00000E+00   0.00000E+00   0.00000E+00   0.00000E+00
   0.00000E+00   0.00000E+00   0.00000E+00   0.00000E+00   0.00000E+00   5.01874E-13
   9.73777E-13   1.53387E-12   1.96149E-12   2.03632E-12   1.71622E-12   1.17426E-12
   6.52264E-13   0.00000E+00   0.00000E+00   0.00000E+00   0.00000E+00   0.00000E+00
   0.00000E+00   0.00000E+00   0.00000E+00   0.00000E+00
   0.00000E+00   0.00000E+00   0.00000E+00   0.00000E+00   0.00000E+00   0.00000E+00
   0.00000E+00   0.00000E+00   0.00000E+00   0.00000E+00   0.00000E+00   0.00000E+00
   0.00000E+00   0.00000E+00   0.00000E+00   0.00000E+00   0.00000E+00   0.00000E+00
   0.00000E+00   0.00000E+00   0.00000E+00   4.27307E-13   1.25798E-12   3.00658E-12
   5.83361E-12   9.18898E-12   1.17507E-11   1.21990E-11   4.96104E-12   1.69469E-12
   3.90752E-12   1.76207E-12   6.45079E-13   0.00000E+00   0.00000E+00   0.00000E+00
   0.00000E+00   0.00000E+00   0.00000E+00   0.00000E+00
   0.00000E+00   0.00000E+00   0.00000E+00   0.00000E+00   0.00000E+00   0.00000E+00
   0.00000E+00   0.00000E+00   0.00000E+00   0.00000E+00   0.00000E+00   0.00000E+00
   0.00000E+00   0.00000E+00   0.00000E+00   0.00000E+00   0.00000E+00   0.00000E+00
   0.00000E+00   0.00000E+00   5.78245E-13   2.09691E-12   6.17324E-12   1.47541E-11
   2.86271E-11   3.98622E-11   4.78517E-11   4.49212E-11   3.19794E-11   1.59788E-11
   4.06654E-12  -1.34747E-12  -2.20172E-12   9.40821E-13   0.00000E+00   0.00000E+00
   0.00000E+00   0.00000E+00   0.00000E+00   0.00000E+00
   0.00000E+00   0.00000E+00   0.00000E+00   0.00000E+00   0.00000E+00   0.00000E+00
   0.00000E+00   0.00000E+00   0.00000E+00   0.00000E+00   0.00000E+00   0.00000E+00
   0.00000E+00   0.00000E+00   0.00000E+00   0.00000E+00   0.00000E+00   0.00000E+00
   0.00000E+00   5.20368E-13   2.32441E-12   8.42910E-12   2.48150E-11   5.82458E-11
   1.07201E-10   1.64178E-10   2.09206E-10   2.04052E-10   1.55843E-10   8.44145E-11
   3.28977E-11   5.59606E-12  -2.54160E-12  -2.87394E-12   9.12491E-13   0.00000E+00
   0.00000E+00   0.00000E+00   0.00000E+00   0.00000E+00
   0.00000E+00   0.00000E+00   0.00000E+00   0.00000E+00   0.00000E+00   0.00000E+00
   0.00000E+00   0.00000E+00   0.00000E+00   0.00000E+00   0.00000E+00   0.00000E+00
   0.00000E+00   0.00000E+00   0.00000E+00   0.00000E+00   0.00000E+00   0.00000E+00
   3.11414E-13   1.71346E-12   7.65379E-12   2.69408E-11   8.00421E-11   1.86266E-10
   3.69248E-10   5.72365E-10   7.11884E-10   7.06461E-10   5.53900E-10   3.32300E-10
   1.46160E-10   3.37282E-11  -4.85077E-12  -1.07562E-11  -6.67403E-12   5.88542E-13
   0.00000E+00   0.00000E+00   0.00000E+00   0.00000E+00
   0.00000E+00   0.00000E+00   0.00000E+00   0.00000E+00   0.00000E+00   0.00000E+00
   0.00000E+00   0.00000E+00   0.00000E+00   0.00000E+00   0.00000E+00   0.00000E+00
   0.00000E+00   0.00000E+00   0.00000E+00   0.00000E+00   0.00000E+00   0.00000E+00
   8.39968E-13   4.62168E-12   1.99538E-11   7.02982E-11   2.10838E-10   5.16808E-10
   9.97438E-10   1.54965E-09   1.93374E-09   1.92295E-09   1.51759E-09   9.27432E-10
   4.15468E-10   1.11390E-10  -1.43570E-11  -3.29484E-11  -2.35189E-11  -8.80979E-12
  -4.12644E-12   0.00000E+00   0.00000E+00   0.00000E+00
   0.00000E+00   0.00000E+00   0.00000E+00   0.00000E+00   0.00000E+00   0.00000E+00
   0.00000E+00   0.00000E+00   0.00000E+00   0.00000E+00   0.00000E+00   0.00000E+00
   0.00000E+00   0.00000E+00   0.00000E+00   0.00000E+00   0.00000E+00   0.00000E+00
   1.85588E-12   8.05322E-12   4.03321E-11   1.55836E-10   4.79782E-10   1.13661E-09
   2.17669E-09   3.33861E-09   4.11387E-09   4.03290E-09   3.11458E-09   1.83520E-09
   7.42383E-10   1.16423E-10  -1.19327E-10  -1.38532E-10  -8.96134E-11  -3.99110E-11
  -1.69723E-11  -5.12701E-12   0.00000E+00   0.00000E+00
   0.00000E+00   0.00000E+00   0.00000E+00   0.00000E+00   0.00000E+00   0.00000E+00
   0.00000E+00   0.00000E+00   0.00000E+00   0.00000E+00   0.00000E+00   0.00000E+00
   0.00000E+00   0.00000E+00   0.00000E+00   0.00000E+00   0.00000E+00  -3.65739E-12
  -3.92600E-12   9.63549E-12   7.61059E-11   3.11305E-10   9.05835E-10   2.08584E-09
   3.83239E-09   5.65897E-09   6.62611E-09   6.04272E-09   4.11397E-09   1.82841E-09
   1.50934E-10  -6.24048E-10  -7.28038E-10  -5.43420E-10  -3.22287E-10  -1.53106E-10
  -5.94200E-11  -1.99523E-11  -4.23624E-12   0.00000E+00
   0.00000E+00   0.00000E+00   0.00000E+00   0.00000E+00   0.00000E+00   0.00000E+00
   0.00000E+00   0.00000E+00   0.00000E+00   0.00000E+00   0.00000E+00   0.00000E+00
   0.00000E+00   0.00000E+00   0.00000E+00  -1.62871E-11  -3.54271E-11  -6.05645E-11
  -7.91082E-11  -4.56186E-11   1.48633E-10   7.10210E-10   1.88509E-09   3.80388E-09
   6.04767E-09   7.52840E-09   6.95464E-09   4.00568E-09  -1.46041E-10  -3.50444E-09
  -4.87773E-09  -4.47493E-09  -3.25544E-09  -1.97206E-09  -1.05730E-09  -4.86803E-10
  -1.92176E-10  -6.27464E-11  -1.64409E-11   0.00000E+00
   0.00000E+00   0.00000E+00   0.00000E+00   0.00000E+00   0.00000E+00   0.00000E+00
   0.00000E+00   0.00000E+00   0.00000E+00   0.00000E+00   0.00000E+00   0.00000E+00
   0.00000E+00  -1.44825E-11  -4.71243E-11  -1.19339E-10  -2.44139E-10  -4.10958E-10
  -5.20808E-10  -3.42443E-10   5.35695E-10   2.62734E-09   6.08508E-09   1.01589E-08
   1.25760E-08   1.04904E-08   2.61263E-09  -8.93235E-09  -1.92308E-08  -2.39804E-08
  -2.24690E-08  -1.72065E-08  -1.13256E-08  -6.57937E-09  -3.38959E-09  -1.50985E-09
  -5.81528E-10  -1.91057E-10  -5.05953E-11  -1.08582E-11
   0.00000E+00   0.00000E+00   0.00000E+00   0.00000E+00   0.00000E+00   0.00000E+00
   0.00000E+00   0.00000E+00   0.00000E+00   0.00000E+00   0.00000E+00   0.00000E+00
  -2.57066E-11  -9.76938E-11  -2.96694E-10  -7.33958E-10  -1.46340E-09  -2.37259E-09
  -2.91479E-09  -1.95727E-09   2.22708E-09   1.13920E-08   2.53957E-08   3.96502E-08
   4.50230E-08   3.28567E-08   2.49170E-09  -3.53224E-08  -6.45136E-08  -7.47287E-08
  -6.71222E-08  -5.03564E-08  -3.29675E-08  -1.92434E-08  -9.97705E-09  -4.49934E-09
  -1.71481E-09  -5.51714E-10  -1.47606E-10  -3.13917E-11
   0.00000E+00   0.00000E+00   0.00000E+00   0.00000E+00   0.00000E+00   0.00000E+00
   0.00000E+00   0.00000E+00   0.00000E+00   0.00000E+00   0.00000E+00  -3.03439E-11
  -1.37284E-10  -5.14555E-10  -1.55552E-09  -3.75708E-09  -7.47053E-09  -1.19261E-08
  -1.46169E-08  -1.07136E-08   6.33457E-09   4.24443E-08   9.61577E-08   1.50591E-07
   1.74977E-07   1.42689E-07   5.52031E-08  -5.27003E-08  -1.35897E-07  -1.68980E-07
  -1.56923E-07  -1.21486E-07  -8.24002E-08  -4.97497E-08  -2.64721E-08  -1.21439E-08
  -4.65434E-09  -1.49934E-09  -4.00546E-10  -8.58013E-11
   0.00000E+00   0.00000E+00   0.00000E+00   0.00000E+00   0.00000E+00   0.00000E+00
   0.00000E+00   0.00000E+00   0.00000E+00   0.00000E+00  -2.38191E-11  -1.32742E-10
  -6.05233E-10  -2.23785E-09  -6.63847E-09  -1.61378E-08  -3.19040E-08  -5.06168E-08
  -6.21731E-08  -4.96905E-08   7.42085E-09   1.25195E-07   2.97072E-07   4.72392E-07
   5.62742E-07   4.95837E-07   2.79702E-07   8.01522E-09  -2.06851E-07  -3.07456E-07
  -3.06532E-07  -2.50168E-07  -1.78093E-07  -1.12074E-07  -6.14473E-08  -2.87036E-08
  -1.12057E-08  -3.58805E-09  -9.47473E-10  -2.05028E-10
   0.00000E+00   0.00000E+00   0.00000E+00   0.00000E+00   0.00000E+00   0.00000E+00
   0.00000E+00   0.00000E+00   0.00000E+00  -1.24339E-11  -8.53542E-11  -4.75672E-10
  -2.16652E-09  -7.92248E-09  -2.36279E-08  -5.73257E-08  -1.12661E-07  -1.78216E-07
  -2.20534E-07  -1.89216E-07  -3.15261E-08   2.85877E-07   7.36518E-07   1.19006E-06
   1.43288E-06   1.30022E-06   8.22628E-07   2.22401E-07  -2.53296E-07  -4.91638E-07
  -5.26986E-07  -4.50381E-07  -3.33849E-07  -2.17191E-07  -1.21934E-07  -5.77655E-08
  -2.27216E-08  -7.30387E-09  -1.92947E-09  -4.17171E-10
   0.00000E+00   0.00000E+00   0.00000E+00   0.00000E+00   0.00000E+00   0.00000E+00
   0.00000E+00   0.00000E+00   0.00000E+00  -3.64980E-11  -2.50545E-10  -1.40303E-09
  -6.32575E-09  -2.32017E-08  -6.91727E-08  -1.67314E-07  -3.28006E-07  -5.18161E-07
  -6.45541E-07  -5.83096E-07  -2.18837E-07   4.92505E-07   1.46277E-06   2.40304E-06
   2.88141E-06   2.59313E-06   1.63974E-06   4.88843E-07  -3.84189E-07  -7.98679E-07
  -8.54551E-07  -7.30248E-07  -5.45885E-07  -3.59553E-07  -2.04075E-07  -9.74108E-08
  -3.84713E-08  -1.24511E-08  -3.27782E-09  -7.07831E-10
   0.00000E+00   0.00000E+00   0.00000E+00   0.00000E+00   0.00000E+00   0.00000E+00
   0.00000E+00   0.00000E+00   0.00000E+00  -8.77591E-11  -6.08086E-10  -3.38590E-09
  -1.52236E-08  -5.57694E-08  -1.66085E-07  -4.01118E-07  -7.84999E-07  -1.23856E-06
  -1.54940E-06  -1.44550E-06  -7.30136E-07   6.12672E-07   2.34119E-06   3.90075E-06
   4.56403E-06   3.89164E-06   2.16829E-06   2.65041E-07  -1.02549E-06  -1.49157E-06
  -1.40386E-06  -1.10784E-06  -7.90326E-07  -5.09254E-07  -2.86798E-07  -1.36665E-07
  -5.39585E-08  -1.74661E-08  -4.60026E-09  -9.91671E-10
   0.00000E+00   0.00000E+00   0.00000E+00   0.00000E+00   0.00000E+00   0.00000E+00
   0.00000E+00   0.00000E+00  -2.04421E-11  -1.77767E-10  -1.20842E-09  -6.70641E-09
  -3.00911E-08  -1.10131E-07  -3.27256E-07  -7.89118E-07  -1.54124E-06  -2.42625E-06
  -3.03387E-06  -2.86907E-06  -1.64406E-06   5.30760E-07   3.10866E-06   5.15742E-06
   5.65519E-06   4.15469E-06   1.32197E-06  -1.40301E-06  -2.88150E-06  -2.99459E-06
  -2.36443E-06  -1.62274E-06  -1.03903E-06  -6.25294E-07  -3.39996E-07  -1.59490E-07
  -6.25600E-08  -2.01911E-08  -5.31309E-09  -1.14151E-09
   0.00000E+00   0.00000E+00   0.00000E+00   0.00000E+00   0.00000E+00   0.00000E+00
   0.00000E+00   0.00000E+00  -3.58225E-11  -2.94442E-10  -1.98899E-09  -1.09292E-08
  -4.89657E-08  -1.78660E-07  -5.29587E-07  -1.27384E-06  -2.47988E-06  -3.88435E-06
  -4.81987E-06  -4.51644E-06  -2.62132E-06   4.90466E-07   3.78082E-06   5.85228E-06
   5.50091E-06   2.53831E-06  -1.72631E-06  -5.17107E-06  -6.38557E-06  -5.54525E-06
  -3.83476E-06  -2.29122E-06  -1.27225E-06  -6.81692E-07  -3.44739E-07  -1.55848E-07
  -6.00879E-08  -1.92454E-08  -5.04864E-09  -1.08423E-09
   0.00000E+00   0.00000E+00   0.00000E+00   0.00000E+00   0.00000E+00   0.00000E+00
   0.00000E+00   1.08656E-12  -4.91661E-11  -4.11702E-10  -2.73574E-09  -1.48648E-08
  -6.60409E-08  -2.39459E-07  -7.06329E-07  -1.69076E-06  -3.27100E-06  -5.06996E-06
  -6.16285E-06  -5.51692E-06  -2.76547E-06   1.32708E-06   5.07262E-06   6.56230E-06
   4.59379E-06  -4.37192E-07  -6.34760E-06  -1.03364E-05  -1.08931E-05  -8.67680E-06
  -5.55314E-06  -3.00429E-06  -1.46125E-06  -6.78721E-07  -3.06554E-07  -1.29440E-07
  -4.82205E-08  -1.51726E-08  -3.95689E-09  -8.46644E-10
   0.00000E+00   0.00000E+00   0.00000E+00   0.00000E+00   0.00000E+00   1.10128E-12
   2.75484E-12   6.11504E-12  -5.62550E-11  -4.92952E-10  -3.23693E-09  -1.72403E-08
  -7.53304E-08  -2.69502E-07  -7.86460E-07  -1.86342E-06  -3.55885E-06  -5.39796E-06
  -6.26780E-06  -4.95378E-06  -1.12847E-06   4.00583E-06   8.05051E-06   8.59524E-06
   4.60713E-06  -2.70642E-06  -1.02264E-05  -1.46408E-05  -1.45468E-05  -1.11338E-05
  -6.84375E-06  -3.49089E-06  -1.54330E-06  -6.27357E-07  -2.46688E-07  -9.38951E-08
  -3.29186E-08  -1.00463E-08  -2.58130E-09  -5.47560E-10
   0.00000E+00   0.00000E+00   0.00000E+00   0.00000E+00   1.50741E-12   4.64479E-12
   1.24536E-11   2.08681E-11  -3.78901E-11  -5.27256E-10  -3.52589E-09  -1.82551E-08
  -7.72128E-08  -2.68654E-07  -7.65436E-07  -1.77234E-06  -3.29361E-06  -4.78098E-06
  -5.03319E-06  -2.76737E-06   2.26559E-06   8.47715E-06   1.28481E-05   1.25650E-05
   6.85704E-06  -2.26275E-06  -1.09497E-05  -1.57090E-05  -1.54144E-05  -1.16252E-05
  -7.01368E-06  -3.46928E-06  -1.44856E-06  -5.34061E-07  -1.84203E-07  -6.17120E-08
  -1.97321E-08  -5.72053E-09  -1.43382E-09  -2.98578E-10
   0.00000E+00   0.00000E+00   0.00000E+00   1.37213E-12   5.20791E-12   1.69371E-11
   4.18639E-11   7.66345E-11   4.14137E-11  -5.25116E-10  -3.99968E-09  -2.03089E-08
  -8.22817E-08  -2.73492E-07  -7.44724E-07  -1.64793E-06  -2.90889E-06  -3.91101E-06
  -3.43102E-06  -2.17441E-07   5.86798E-06   1.29740E-05   1.77112E-05   1.70883E-05
   1.06160E-05   8.44393E-07  -8.12121E-06  -1.30088E-05  -1.30448E-05  -9.86012E-06
  -5.91664E-06  -2.88737E-06  -1.17100E-06  -4.07527E-07  -1.27768E-07  -3.80329E-08
  -1.09222E-08  -2.93527E-09  -7.02174E-10  -1.42443E-10
   0.00000E+00   0.00000E+00   8.30586E-13   3.88319E-12   1.53697E-11   4.69183E-11
   1.17865E-10   2.25001E-10   2.58971E-10  -4.65884E-10  -5.27483E-09  -2.74203E-08
  -1.08165E-07  -3.44679E-07  -8.93788E-07  -1.87644E-06  -3.13069E-06  -3.93325E-06
